partial data for cat2.dat, single appearance or disappeared
     ID     q		e     omega	 Omega     i

C/-146 P1   0.43      1.0      261       330        71
C/ 240 V1   0.37      1.0       82       214        44
C/ 390 Q1   0.92      1.0       23       356        36
C/ 400 F1   0.21      1.0       47        38        32
C/ 442 V1   1.53      1.0      178       271       106
C/ 539 W1   0.16      1.0      246        33        19
C/ 565 O1   0.83      1.0       79       180       121
C/ 568 O1   0.870     1.0       34.9     301.8       4.0
C/ 574 G1   0.73      1.0      342       155        54
C/ 770 K1   0.580     1.0       88.0     110.7     117.0
C/ 868 B1   0.42      1.0      277       321        65
C/ 905 K1   0.20      1.0       50        70       140
C/ 962 B1   0.63      1.0       85         2       119
C/1014 C1   0.56      1.0       84       174       117
C/1018 P1   0.62      1.0      197       185        35
C/1080 P1   0.681     1.0       73.6     322.9       6.9
C/1092 A1   0.77      1.0       62       114       124
C/1097 T1   0.30      1.0      298       352        41
C/1110 K1   0.83      1.0      358       321       137
C/1132 T1   0.736     1.0      114.2     213.2     106.3
C/1147 A1   0.12      1.0      300       282       110
C/1230 X1   0.860     1.0      181.0     303.7      16.0
C/1240 B1   0.668     1.0      331.4     135.1      75.3
C/1245 D1   0.50      1.0       87       180        20
C/1264 N1   0.8249    1.0      159.71    151.04     16.40
C/1293 V1   0.78      1.0      313        89        30
C/1299 B1   0.3179    1.0      103.89    116.94    111.00
C/1304 C1   0.840     1.0       25.0      88.7      65.0
C/1304 Y1   0.65      1.0       56       106        99
C/1337 M1   0.7490    1.0       79.61     97.61    143.60
C/1340 F1   1.1362    1.0       32.44    187.63    176.48
C/1345 O1   0.89      1.0      210       150        23
C/1351 W1   1.01      1.0      165       264         7
C/1362 E1   0.30      1.0      348       291       155
C/1368 E1   0.48      1.0       90       217       131
C/1376 M1   0.550     1.0       81.0     300.7      76.0
C/1385 U1   0.79      1.0      182       289       103
C/1402 D1   0.38      1.0       91       126        55
C/1433 R1   0.49277   1.0      189.392   104.255   103.979
C/1439 F1   0.12      1.0      140       192        81
C/1449 Y1   0.32742   1.0      356.691   268.809   155.679
C/1457 A1   0.70336   1.0      194.597   257.529    13.251
C/1457 L1   0.76991   1.0      183.281   187.551     7.335
C/1458 Y1   0.49      1.0      258       117        69
C/1462 M1   0.25      1.0      137       316       130
C/1468 S1   0.850     1.0       91.0     106.7     138.0
C/1471 Y1   0.48589   1.0      245.728   292.873   170.866
C/1490 Y1   0.761     1.0      164.9     280.2      73.4
C/1491 B1   0.850     1.0      316.0     165.7       9.0
C/1499 Q1   0.95      1.0       42       329        16
C/1500 H1   1.11      1.0      352       305        99
C/1506 O1   0.840     1.0      200.0     155.7     115.0
C/1532 R1   0.51922   1.0       24.529    93.807    32.592
C/1533 M1   0.25480   1.0       21.398   125.424   149.592
C/1538 A1   0.1477    1.0      287.70    356.20     42.46
C/1539 H1   0.961     1.0      174.5      55.1      18.6
C/1556 D1   0.49082   1.0      100.866   181.436    32.370
C/1557 T1   0.50      1.0       94       212        42
C/1558 P1   0.2805    1.0      119.60    341.21    110.94
C/1577 U1   0.877     1.0       27.1      36.1       9.7
C/1577 V1   0.17750   1.0      255.673    31.237   104.883
C/1580 T1   0.60237   1.0       89.367    24.948    64.612
C/1582 J1   0.16872   1.0      331.895   233.034   118.539
C/1585 T1   1.09485   1.0      331.778    43.144     6.135
C/1590 E1   0.56773   1.0      307.671   171.342   150.451
C/1593 O1   0.08911   1.0       12.072   169.921    87.914
C/1596 N1   0.56716   1.0       59.414   335.962   128.080
C/1618 Q1   0.51298   1.0       24.802   298.844    21.494
C/1618 V1   0.744     1.0      155.9     229.5       8.4
C/1618 W1   0.38954   1.0      287.436    81.001    37.196
C/1639 U1   0.816     1.0      237.4     219.7      61.7
C/1652 Y1   0.84750   1.0      300.190    93.001    79.461
C/1661 C1   0.44272   1.0       33.450    86.562    33.015
C/1664 W1   1.02553   1.0      310.675    86.053   158.697
C/1665 F1   0.10649   1.0      156.087   232.696   103.893
C/1668 E1   0.06660   1.0      109.813     3.215   144.381
C/1672 E1   0.69546   1.0      109.524   302.691    82.972
C/1677 H1   0.28059   1.0       99.162   241.316   100.928
C/1680 V1   0.006222  0.999986 350.6128  276.6339   60.6784
C/1683 O1   0.55958   1.0       87.810   177.835    96.738
C/1684 N1   0.95827   1.0      330.300   272.598    65.424
C/1686 R1   0.33602   1.0       81.913   358.443    34.969
C/1689 X1   0.06443   1.0       78.134   283.754    63.204
C/1695 U1   0.04230   1.0       59.117   286.018    93.589
C/1698 R1   0.72865   1.0      151.384    70.282   169.094
C/1699 D1   0.74862   1.0      109.524   325.886   109.424
C/1701 U1   0.5926    1.0      164.95    302.81    138.37
C/1702 H1   0.64683   1.0      309.637   193.294     4.375
C/1706 F1   0.42687   1.0       59.434    17.281    55.270
C/1707 W1   0.85904   1.0       27.161    56.916    88.646
C/1718 B1   1.02543   1.0        6.309   131.903   148.838
C/1723 T1   0.99879   1.0      331.380    18.102   130.028
C/1729 P1   4.05054   1.0       10.403   314.393    77.095
C/1733 K1   0.10297   1.0      187.891   271.052    23.792
C/1737 C1   0.22282   1.0       99.461   230.120    18.326
C/1739 K1   0.67358   1.0      104.752   211.044   124.260
C/1742 C1   0.76577   1.0      328.043   189.201   112.948
C/1743 C1   0.83818   1.0       26.250    70.302     2.280
C/1743 Q1   0.52299   1.0      119.047     9.633   134.415
C/1743 X1   0.222209  1.0      151.4855   49.2966   47.1417
C/1746 P1   2.19859   1.0      230.291   150.849   100.857
C/1748 H1   0.84067   1.0       17.828   236.381    94.535
C/1748 K1   0.62536   1.0      245.668    36.644    67.083
C/1750 C1   0.20      1.0      285       303       132
C/1757 R1   0.33738   1.0      268.690   217.677    12.828
C/1758 K1   0.21535   1.0       36.771   234.213    68.300
C/1760 A1   0.96576   1.0      301.727    83.553   175.126
C/1760 B1   0.80139   1.0      273.928   143.007    79.084
C/1762 K1   1.00905   1.0      115.480   351.868    85.668
C/1763 S1   0.49818   1.0       88.571   359.747    72.497
C/1764 A1   0.55522   1.0      104.859   123.388   127.089
C/1766 E1   0.50532   1.0      100.879   247.411   139.152
D/1766 G1   0.40603   0.84763  178.699    76.263     7.865
C/1769 P1   0.122755  0.999249 329.1226  178.2930   40.7338
D/1770 L1   0.674449  0.786119 225.0161  134.4673    1.5517
C/1771 A1   0.52824   1.0      260.375   111.944   148.555
C/1771 G1   0.901835  1.0       76.2251   30.9963   11.2891
C/1773 T1   1.12689   1.0      314.117   124.236    61.220
C/1774 P1   1.42858   1.0      136.533   183.974    82.978
C/1779 A1   0.713178  1.0       62.1743   28.1368   32.4406
C/1780 U1   0.51528   1.0      255.165   145.082   107.917
C/1780 U2   0.09926   1.0      237.827   127.231   126.177
C/1781 M1   0.77586   1.0      156.209    86.057    81.724
C/1781 T1   0.96100   1.0       61.392    80.482   152.801
D/1783 W1   1.459289  0.552456 354.6510   58.6795   45.1277
C/1783 X1   0.70786   1.0      336.115    59.856   128.859
C/1785 A1   1.14340   1.0      205.632   267.214    70.238
C/1785 E1   0.42724   0.99646  127.203    67.688    92.639
C/1786 P1   0.410712  1.0      325.0517  197.4005   50.8921
C/1787 G1   0.34891   1.0       99.158   109.852   131.724
C/1788 W1   1.06301   1.0       57.844   159.926   167.512
C/1790 A1   0.75810   1.0      115.951   179.125   148.068
C/1790 H1   0.79796   1.0      119.480    36.118   116.147
C/1791 X1   1.29258   1.0      154.347   193.596   140.211
C/1793 A1   0.96581   1.0      147.167   286.160   131.003
C/1793 S1   1.504546  1.0       69.3361    5.1750   51.9362
C/1793 S2   0.40344   1.0      239.810   111.383   119.642
C/1796 F1   1.579636  1.0      184.2970   19.8977  115.1716
C/1797 P1   0.52545   1.0      279.683   332.094   129.427
C/1798 G1   0.48503   1.0      343.002   124.922    43.783
C/1798 X1   0.77479   1.0      215.878   252.280   137.746
C/1799 P1   0.83986   1.0       95.828   102.326   129.062
C/1799 Y1   0.62580   1.0      136.471   329.609   102.996
C/1801 N1   0.25641   1.0      219.840    45.313   159.267
C/1802 Q1   1.094249  1.0       21.8478  313.0142   57.0108
C/1804 E1   1.071168  1.0      331.9459  179.5344   56.4522
C/1806 V1   1.081927  1.0      225.2131  324.9868  144.9537
C/1807 R1   0.646124  0.995488   4.0970  269.4837   63.1762
C/1808 F1   0.38986   1.0      253.743   325.642   134.303
C/1808 M1   0.607953  1.0      131.5607   26.8770  140.7050
C/1810 Q1   0.969623  1.0      114.9175  311.5035   62.9454
C/1811 F1   1.035412  0.995125  65.4097  143.0497  106.9342
C/1811 W1   1.581701  0.980916 314.5022   95.6306   31.2554
C/1813 C1   0.699314  1.0      170.5629  243.1457  158.8486
C/1813 G1   1.214703  1.0      205.1622   45.2750   99.0577
C/1816 B1   0.04850   1.0      304.326   325.829    43.111
C/1817 Y1   1.197821  1.0      112.3619   72.9950   89.7518
C/1818 W2   0.855096  1.0      348.1071   92.5372  116.9058
C/1819 N1   0.341514  1.0       13.4158  276.2349   80.7517
D/1819 W1   0.892318  0.698752 350.2612   79.8122    9.1081
C/1821 B1   0.091823  1.0      169.2121   51.1843  106.4613
C/1822 J1   0.504429  1.0      344.6905  179.9345  126.3969
C/1822 K1   0.847130  1.0      237.7758  100.2415  143.6913
C/1822 N1   1.145099  0.996316 181.1055   95.2425  127.3429
C/1823 Y1   0.226742  1.0       28.4867  305.5054  103.8194
C/1824 N1   0.591671  1.0      334.0800  236.7952  125.4324
C/1824 O1   1.049835  1.0       85.2292  281.7415   54.5985
C/1825 K1   0.889011  0.996395 106.1910   22.5831  123.3414
C/1825 N1   1.240846  0.995431 256.9174  218.1296  146.4353
C/1825 P1   0.883471  1.0      177.2965  195.3795   89.6749
C/1825 V1   2.007734  1.0      279.3841  200.0590   39.9903
C/1826 P1   0.852878  0.997492  13.8101   46.4025   25.9496
C/1826 U1   0.026904  1.0      279.5835  237.5505   90.6234
C/1826 Y1   0.506166  1.0      151.0340  186.9924  102.3898
D/1827 M1   0.806508  0.945838  19.1895  320.0292  136.4601
C/1827 P1   0.137758  1.0      258.7039  152.1007  125.8788
C/1830 F1   0.921424  1.0        5.7962  208.7642   21.2570
C/1831 A1   0.125887  1.0       26.8884  340.2392  135.2630
C/1832 O1   1.183005  1.0      204.6342   74.8269  136.6727
C/1833 S1   0.458122  1.0      259.5795  325.5873    7.3488
C/1834 E1   0.513106  1.0       49.9876  229.0377    5.9759
C/1835 H1   2.040153  1.0      210.5630   60.7681  170.8846
C/1839 X1   0.618434  1.0       72.2671  122.1788   53.0716
C/1840 B1   1.220451  0.993250 156.6198  239.0658  120.7807
C/1840 E1   0.748504  1.0      138.0440  188.2715   79.8512
C/1840 U1   1.479951  0.965941 133.5127  251.2145   57.9043
C/1842 U1   0.504685  1.0      240.4937  210.0089  106.4213
C/1843 D1   0.005527  0.999914  82.6390    3.5272  144.3548
C/1843 J1   1.616305  1.0      124.2527  159.4411   52.7241
C/1844 N1   0.855401  0.999757 211.2748   33.8483  131.4092
C/1844 Y1   0.250537  0.999302 177.5055  120.5910   45.5651
C/1844 Y2   0.905204  1.0      114.5819  338.9135   46.8605
C/1845 D1   1.254549  1.0      205.4516  349.2811   56.4038
C/1845 L1   0.401077  1.0       75.7977  339.9729  131.0985
C/1846 B1   1.480703  0.992403 337.9898  113.2746   47.4257
C/1846 J1   0.633760  0.990414  99.7253  263.9889  150.6809
C/1846 O1   1.375992  1.0       78.7517  163.4642  122.3771
C/1846 S1   0.830669  1.0       93.9763    6.8369   49.7196
C/1847 C1   0.042593  0.999910 254.3565   23.8240   48.6636
C/1847 J1   2.115749  1.000723  32.3587  176.0849  100.4185
C/1847 N1   1.766058  0.998589  91.5248  340.4045   96.5817
C/1847 Q1   1.484824  1.0       55.4717   78.8836  147.3551
C/1847 T1   0.329025  1.000172 276.6090  192.9665  108.1326
C/1848 P1   0.319947  1.0      260.9477  213.6499   95.5938
C/1848 U1   0.959782  1.0      208.0066  217.3332   85.0400
C/1849 G1   0.894360  0.998427 236.5868   32.6350   66.9587
C/1849 G2   1.159406  1.000940  33.1621  204.6602   67.1526
C/1850 J1   1.081429  0.998599 180.5495   94.9833   68.1848
C/1850 Q1   0.565586  1.0      243.2029  208.1112   40.0621
C/1851 P1   0.984753  1.0       87.2603  225.7722   38.2035
C/1851 U1   0.142053  1.0      294.4471   46.4289   73.9862
C/1852 K1   0.905406  1.0       37.2061  319.2712  131.1243
C/1853 E1   1.092195  1.0      275.9051   71.6574  159.7566
C/1853 G1   0.908693  0.989286 199.2335   43.0218  122.1955
C/1853 L1   0.306834  1.000250 170.4413  142.5664   61.5008
C/1853 R1   0.172863  1.000664 277.8407  222.1161  118.9963
C/1853 W1   2.044645  1.0      170.9202  229.0785  113.8757
C/1854 F1   0.277064  1.0      101.6255  317.4960   97.4867
C/1854 L1   0.648092  1.0       74.5689  349.6985  108.7032
C/1854 R1   0.798762  0.993246 129.8988  326.5162   40.9201
C/1854 Y1   1.359463  0.991309 287.0725  240.2563   14.1520
C/1855 G1   2.193526  0.965185 323.0929  191.7463  128.5764
C/1855 L1   0.567564  0.985780  22.4883  262.2306  156.8707
C/1855 V1   1.230983  1.0      325.6152   53.6616  169.8240
C/1857 D1   0.772493  1.0      121.5663  315.1526   87.9479
C/1857 M1   0.367535  1.0      134.0658   25.6944  121.0332
C/1857 O1   0.746843  0.980414 180.9440  202.8313   32.7565
C/1857 Q1   0.562898  0.996913 124.8444   16.9550  123.9614
C/1857 V1   1.009088  1.0       95.1021  141.3074  142.1557
C/1858 K1   0.544261  1.0       98.8587  326.9503   99.9713
C/1858 L1   0.578469  0.996295 129.1144  167.3044  116.9512
C/1858 R1   1.427002  1.0      155.5411  161.7449  158.7051
C/1859 G1   0.201032  1.0      282.0049  359.3146   95.4894
C/1860 D1-A 1.198875  1.0      209.7599  326.0179   79.6819
C/1860 D1-B 1.198174  1.0      209.6880  326.0119   79.6193
C/1860 H1   1.306664  1.0       41.2172   10.8261   48.2360
C/1860 M1   0.292885  1.0       76.8841   86.6271   79.3233
C/1860 U1   0.682653  1.0      311.9767   46.7744   32.2097
C/1861 G1   0.920700  0.983465 213.4496   31.8674   79.7733
C/1861 J1   0.822384  0.985070 330.0841  280.9099   85.4424
C/1861 Y1   0.839027  1.0      331.5973  147.0373  138.0019
C/1862 N1   0.981328  1.0       27.1664  328.4371  172.1091
C/1862 W1   0.803238  1.0      230.5764  357.6952  137.5412
C/1862 X1   0.794764  1.000049  74.4657  118.8387   85.3553
C/1863 G1   1.068038  0.999159   3.9669  253.1661  112.6209
C/1863 G2   0.628781  0.999079  55.5925  252.0825   85.4961
C/1863 T1   1.313114  1.000665  78.1166  106.9346   83.3151
C/1863 V1   0.706413  0.998879 357.2129   99.3940   78.0817
C/1863 Y1   0.771492  1.0      115.6692  306.6287   64.4906
C/1864 N1   0.909290  0.996351 151.5802   97.6742  178.1269
C/1864 O1   0.931212  0.999358 232.4593   33.6662  109.7124
C/1864 R1   0.626106  1.0      346.0949  176.8808  134.9822
C/1864 X1   0.770731  1.0      118.4522  205.1126   48.8623
C/1864 Y1   1.114634  1.0      178.4993  342.7789  162.8931
C/1865 B1   0.025844  1.0      111.7175  254.8252   92.4945
C/1867 S1   0.330359  1.0      148.6408   66.8417   96.5735
C/1868 L1   0.578577  1.0      126.6431   54.1124  131.5581
C/1869 T1   1.230731  1.0      188.1940  313.3277  111.6853
C/1870 K1   1.008692  1.0      198.2279  143.5674  121.7835
C/1870 Q1   1.816602  1.0      354.9389   14.7591   99.3580
C/1870 W1   0.389262  1.0       90.6273   96.5866  147.2703
C/1871 G1   0.654300  0.997814 222.5068  281.1122   87.6034
C/1871 L1   1.083363  1.0       96.3220  213.7030  101.9782
C/1871 V1   0.691268  0.995714 242.8935  148.9291   98.2992
C/1873 Q1   0.794061  0.996482 193.7729  232.3621   95.9662
C/1873 Q2   0.384913  0.999730 233.7544  178.4959  121.4625
C/1874 D1   0.044568  1.0      269.5098   32.0541   58.8932
C/1874 G1   0.885773  1.0      331.7167  275.8486  148.4122
C/1874 H1   0.675782  0.998820 152.3804  120.4950   66.3439
C/1874 O1   0.982649  0.998831  92.6123  253.2797   41.8266
C/1874 Q1   1.687985  0.962822 149.5850  217.6274   34.1267
C/1874 X1   0.508226  1.0       16.2682  283.7164   99.2205
C/1877 C1   0.807441  1.0      347.1611  188.9608  152.8948
C/1877 G1   0.949980  0.998701  63.1204  318.3341  121.1548
C/1877 G2   1.009053  0.997923 116.7721  347.7984   77.1916
C/1877 R1   1.575904  1.0      143.2049  252.7106  102.2274
C/1877 T1   1.070451  1.0      103.2436  185.9981  115.7261
C/1878 N1   1.391967  1.0      177.5898  103.9645   78.1761
C/1879 M1   0.896547  1.0        3.7528   47.4546  107.0440
C/1879 Q1   0.989608  1.0      115.4560   88.8689   77.1302
C/1879 Q2   0.991480  1.0       84.2634   34.1187  107.7629
C/1880 C1   0.005494  1.0       86.2486    7.7774  144.6666
C/1880 G1   1.814412  1.000813 145.1676  258.9247  123.0563
C/1880 S1   0.354634  1.0      323.1288   47.0065  141.9119
C/1880 Y1   0.659736  1.0       11.6877  251.0495   60.7007
C/1881 J1   0.591090  1.0      173.8057  128.1073   77.9336
C/1881 K1   0.734558  0.995946 354.2350  272.6308   63.4253
C/1881 N1   0.633542  1.0      122.1455   98.7236  140.2281
C/1881 S1   0.449200  1.0        6.2860  275.8195  112.8160
C/1881 W1   1.924973  0.990169 117.9488  183.0394  144.8016
C/1882 F1   0.060763  0.999994 208.9854  206.5911   73.7977
C/1882 R1-A 0.007750  0.999899  69.5843  347.6563  142.0112
C/1882 R1-B 0.007751  0.999907  69.5853  347.6566  142.0111
C/1882 R1-C 0.007751  0.999915  69.5840  347.6545  142.0105
C/1882 R1-D 0.007749  0.999920  69.5808  347.6510  142.0093
C/1882 R2   0.955567  1.0      254.2883  250.7703   96.1466
C/1883 D1   0.760062  1.0      110.8946  279.7735   78.0648
C/1884 A1   0.309607  1.0      138.5968  265.9925  114.9770
D/1884 O1   1.279482  0.583252 301.0508    6.7602    5.4701
C/1885 N1   2.506732  1.0      178.5163   93.8996   80.6240
C/1885 R1   0.749149  0.982264  42.8501  206.3675   59.0970
C/1885 X1   0.642363  1.000272 126.5878   37.9632   82.6286
C/1885 X2   0.479259  1.000238 119.6230   69.9101   84.4414
C/1885 Y1   1.079545  1.0       35.5904  263.8113   42.4422
C/1886 H1   0.269803  0.996783 201.2872  194.2045   87.6615
C/1886 J1   0.84199   1.0       38.559   289.365   100.218
D/1886 K1   1.325273  0.571388 176.8756   55.1391   12.6710
C/1886 T1   0.663317  1.000408  86.3484  138.9713  101.6154
C/1887 B1   0.00483   1.0       83.513     4.585   144.383
C/1887 B2   1.630145  0.983694 159.4231  281.5113  104.2738
C/1887 B3   1.480714  1.0       31.9115  259.7963   85.5867
C/1887 D1   1.006455  1.0       36.5539  137.0419  139.7763
C/1887 J1   1.393813  0.996093  15.0876  246.8451   17.5479
C/1888 D1   0.698772  0.995874 359.9049  246.9623   42.2482
C/1888 P1   0.902226  0.999908  59.2168  103.0576   74.1904
C/1888 R1   1.814916  1.001230 340.4642  358.9751  166.3842
C/1888 U1   1.527853  0.991488 290.8087  139.0896   56.3425
C/1889 G1   2.255596  0.999818 236.0618  312.2212  163.8517
D/1889 M1   1.104894  0.960033  60.2321  272.6342   31.2468
C/1889 O1   1.039721  0.997611 345.8619  287.7115   65.9916
C/1889 X1   0.269796  1.0      199.8551   10.0183   56.7537
C/1890 F1   1.907582  1.000266  68.9273  321.8779  120.5690
C/1890 O1   0.764087  1.0       85.6608   15.8347   63.3509
C/1890 O2   1.260223  0.999187 163.0523  101.6590   98.9373
C/1890 V1   2.046694  0.995872 331.2842   86.9342  154.3070
C/1891 F1   0.397896  1.0      178.7501  195.4535  120.5116
C/1891 T1   0.971089  1.0      269.5671  219.5276   77.9880
C/1892 E1   1.026832  0.998731  24.4974  242.4297   38.7002
C/1892 F1   1.970726  1.000371 129.3189  254.9390   89.6959
C/1892 Q1   0.975989  1.000441 252.6530  266.0346   24.8012
D/1892 T1   1.432189  0.589631 169.9945  208.0361   31.2608
C/1892 W1   1.195108  1.0       85.2140  187.1426  143.8494
C/1893 N1   0.674549  0.999460  47.1176  338.8337  159.9804
C/1893 U1   0.811991  0.996489 347.4515  176.4141  129.8233
D/1894 F1   1.147000  0.697887  46.3504   85.7329    5.5274
C/1894 G1   0.983032  0.989884 324.1843  207.8852   86.9666
D/1895 Q1   1.297763  0.652013 167.7817  171.7537    2.9923
C/1895 W1   0.191978  1.000051 272.6665  321.9554  141.6263
C/1895 W2   0.843034  1.0      298.7831   84.5467   76.2461
C/1896 C1   0.587289  1.0      358.3153  210.2789  155.7381
C/1896 G1   0.566286  1.000476   1.7387  179.7008   55.5600
C/1896 R1   1.142895  1.0       41.0582  152.4400   88.4215
D/1896 R2   1.454747  0.588483 140.5092  194.8976   11.3507
C/1896 V1   1.062791  1.000983 172.3394   87.9315  146.1365
C/1897 U1   1.356679  1.0       65.9082   33.4878   69.6101
C/1898 F1   1.095261  0.980454  47.3073  263.8681   72.5292
C/1898 L1   1.701595  1.000934 233.2693   75.4087   69.9358
C/1898 L2   0.626438  1.0      205.6135  260.5279   70.0300
C/1898 M1   1.501318  1.0       22.3475  279.6618  166.8542
C/1898 R1   0.420373  1.0      162.3761   36.2954   28.8596
C/1898 U1   0.756011  1.0      123.5520   97.7443  140.3448
C/1898 V1   2.284591  0.999507   4.6417   97.2443   22.5046
C/1899 E1   0.326576  1.000357   8.7101   26.4081  146.2690
C/1899 S1   1.785838  1.0       10.7733  273.6234   76.9442
C/1900 B1   1.331529  1.001058  24.4095   41.7943  146.4486
C/1900 O1   1.014835  1.000410  12.4225  329.4136   62.5342
C/1901 G1   0.244812  1.0      203.0522  111.0333  131.0770
C/1902 G1   0.44392   1.0      229.621    54.033    65.201
C/1902 R1   0.401074  0.999968 152.9838   50.7407  156.3548
C/1902 X1   2.773525  1.000603   5.8316  118.8108   43.8956
C/1903 A1   0.410561  0.999670 133.7111    3.6492   30.9416
C/1903 H1   0.499420  1.0      184.9416  214.4924   66.4835
C/1903 M1   0.330182  1.000406 127.2521  294.9099   85.0155
C/1904 H1   2.707793  1.001343  53.5267  277.1216  125.1305
C/1904 Y1   1.882049  1.000678  40.7407  219.7891   99.5989
C/1905 F1   1.114641  0.969961 358.2109  158.7540   40.1989
C/1905 W1   1.052201  1.0      132.6937  224.2493  140.5768
C/1905 X1   0.215900  1.0      199.2180   93.3702   43.6521
C/1906 B1   1.296297  1.000195  89.8495  287.7061  126.4427
C/1906 E1   3.339884  1.001510 158.5996  343.6219    4.2822
C/1906 F1   0.722913  1.0      276.4641   73.3526   83.4615
C/1906 V1   1.212686  0.982624   8.6399   86.1033   56.3891
C/1907 E1   2.051705  1.001003 317.1197   98.4842  141.6595
C/1907 G1   0.923861  1.0      328.7561  190.4170  110.0572
C/1907 L2   0.512173  0.998794 294.4727  144.2656    8.9577
C/1907 T1   0.982949  1.0      294.3789   55.8959  119.6347
C/1908 R1   0.945299  1.000672 171.5949  104.4596  140.1753
C/1909 L1   0.842844  0.994762   4.9955  306.8791   52.0803
C/1910 A1   0.128975  0.999995 320.9122   90.0354  138.7812
C/1910 P1   1.948013  0.999797  50.9574  290.7799  121.0556
C/1911 N1   0.683837  0.996296 110.3714  158.6654  148.4202
C/1911 O1   0.489429  0.997005 153.0045  294.2071   33.8095
C/1911 S2   0.787623  0.998167 122.0359   36.4312  108.1000
C/1911 S3   0.303424  1.000147  71.7112   89.8969   96.4659
C/1912 R1   0.716079  1.000451  25.6216  298.2475   79.8097
C/1912 V1   1.107108  1.0       99.6836  145.0159  124.6351
C/1913 J1   1.456831  0.995288  52.9575  316.2621  152.3673
C/1913 R1   1.356120  0.997560 117.7060  158.6396  143.3547
C/1913 Y1   1.104459  1.000155  97.4671   60.3963   68.0388
C/1914 F1   1.198527  1.000106  72.2254  200.1163   23.9138
C/1914 J1   0.543135  1.0      116.4004   33.8561  112.9822
C/1914 M1   3.746800  1.003290  13.9992  271.5138   71.0410
C/1914 S1   0.712756  0.998666 270.3467    1.5829   77.8360
C/1915 C1   1.005286  1.000151 247.7845   73.4529   54.7922
C/1915 R1   0.443292  1.0      118.8479   78.8935   53.5460
C/1916 G1   1.686446  0.999405 120.6215  184.4572   25.6592
D/1917 F1   0.190186  0.993121 121.3190   88.6683   32.6828
C/1917 H1   0.764184  1.0      119.1607   10.8350  158.7379
C/1918 L1   1.101641  1.0      194.9062   18.8382   69.7093
D/1918 W1   1.883784  0.468582 279.2968  118.9506    5.5752
C/1919 Q2   1.115291  1.000222 185.7533  122.0975   46.3823
C/1919 Y1   0.29769   1.0      276.576   316.713   123.175
C/1920 X1   1.147892  0.994081 340.8876  108.8324   22.0303
C/1921 E1   1.008457  1.000357  64.4901  269.4395  132.1876
D/1921 H1   1.114978  0.929088  97.4488   67.2065   22.3265
C/1922 B1   1.629083  0.986968 183.6812  275.5991   32.4456
C/1922 U1   2.258774  1.000755 118.2980  221.5784   51.4565
C/1922 W1   0.923590  0.993735 264.4827  263.0567   23.3659
C/1923 T1   0.777832  1.0      255.3244  227.7378  113.7920
C/1924 F1   1.755695  0.998598 271.4401  115.0738   72.3273
C/1924 R1   0.405993  1.0       66.5394   81.1240  120.1495
C/1925 F1   4.180785  1.002432 205.7601  358.5393  146.7131
C/1925 F2   1.633299  0.995116 259.2776    7.0401   26.9797
C/1925 G1   1.109477  1.000605  36.1814  319.1096  100.0224
C/1925 V1   0.763569  1.000505 126.1298  141.7818  144.5980
C/1925 W1   1.566243  1.000382 106.3992  335.6130   49.3307
C/1925 X1   0.322588  1.0      354.8856  283.4568  123.0003
C/1926 B1   1.345477  0.992384 328.2585  137.1264  128.2986
C/1927 A1   1.03557   1.0      231.851    19.815    92.363
C/1927 B1   0.751640  1.0      224.4377  109.6946   83.6631
C/1927 E1   3.683902  0.998179  11.1365  215.6504   87.6525
C/1927 X1   0.176157  0.999840  47.1588   78.2436   85.1126
C/1929 Y1   0.672235  0.999028 157.4943  179.9721  124.5103
C/1930 D1   1.087114  0.998131 325.0835  148.5325   99.8830
C/1930 E1   2.078632  1.000524  24.6270  117.3671   71.9693
C/1930 F1   0.481810  0.992194  46.9599   91.2366   67.1409
C/1930 L1   1.152800  1.0      320.9657  279.2646   97.0912
C/1931 AN   0.90194   1.0      198.570     2.305     6.638
C/1931 O1   1.046903  0.979203 320.1467  192.2401   42.2957
C/1931 P1   0.074924  0.999326 168.1455  102.2776  169.2881
C/1932 G1   1.254431  0.972127 303.5157  213.4835   74.2776
C/1932 H1   2.330615  1.0      110.3054   18.7965   58.0633
C/1932 M1   1.647412  1.000602  69.7870  246.0897   78.3894
C/1932 M2   2.313581  1.001431 329.6944  216.0937  124.9886
C/1932 P1   1.037198  0.976369  38.4713  345.4620   71.7195
C/1932 Y1   1.130788  0.972386 327.3619   78.5878   24.5025
C/1933 D1   1.000691  1.0      135.9874  312.4663   86.6786
C/1935 A1   0.811148  0.991304  18.3969   92.4472   65.4251
C/1935 M1   3.485700  1.0      124.3132   74.2111  141.9494
C/1935 Q1   4.043409  1.002045  44.8957  300.5614   66.1122
C/1936 K1   1.099868  0.991775 148.4754  134.9408   78.5447
C/1936 O1   0.518403  0.994389  45.8496  265.0062  121.9417
C/1937 C1   1.733791  1.000137 107.7345  128.6082   41.5515
D/1937 D1   0.618937  0.981098  31.4751   58.2580   26.0205
C/1937 N1   0.862744  0.999985 114.8366   59.4207  146.4156
C/1937 P1   1.953657  0.972499 147.4924   97.7957   11.5806
C/1939 B1   0.716496  0.995103 169.0243  289.6136   63.5238
C/1939 H1   0.528266  0.998477  89.2397  312.2772  138.1212
C/1939 V1   0.945209  0.997192 126.7769  197.1118   92.9520
C/1940 O1   1.082228  0.980843 235.7368  135.0616   54.6906
C/1940 R2   0.367751  1.000485 199.5690  296.5905   49.8942
C/1940 S1   1.061768  1.001459 329.6782  128.0685  133.1141
C/1941 B1   0.941864  0.981221 132.7319  329.7897   26.2756
C/1941 B2   0.790033  0.999102 268.6997   43.1069  168.2039
C/1941 K1   0.874789  1.000243  85.3219  257.5598   94.5165
C/1942 C1   1.445303  1.000893 223.4157  340.9347   79.4520
C/1942 C2   4.113405  1.003183 163.6206  281.0393  172.5144
D/1942 EA   1.287079  0.933639 335.2229  172.2906   37.9961
C/1942 X1   1.353647  0.992196  39.8432  100.7990   19.7127
C/1943 R1   0.758300  1.0       36.4129   83.3863  161.3186
C/1943 W1   0.87430   1.0       33.078    58.631   136.181
C/1944 H1   2.410856  0.993500 238.9426   29.0848   17.2882
C/1944 K2   2.225933  1.002085 336.9741  203.5003   95.0056
C/1945 L1   0.998063  1.0      280.1236  255.0453  156.5080
C/1945 W1   0.19435   1.0      216.712   326.204    49.480
C/1945 X1   0.007516  1.0       72.0619  351.2006  141.8734
C/1946 C1   1.724129  1.001169  54.3280  129.6650   72.8427
C/1946 K1   1.018252  1.0       22.2328  301.9765  169.5619
C/1946 P1   1.136113  1.000776 320.4130  238.3356   56.9647
C/1946 U1   2.407663  1.000947 348.6250   35.5588  108.1742
C/1947 F1   0.559799  0.997427 303.7545  353.9098   39.3015
C/1947 F2   0.961836  1.0      182.1286  323.0708  129.1558
C/1947 K1   1.402863  1.0      357.3889  233.0629  111.4094
C/1947 O1   2.827968  1.001052   9.3752  311.7961   97.3313
C/1947 S1   0.748125  1.000363 350.2146  271.4398  140.5681
C/1947 V1   0.75309   1.0      221.236   312.659   106.291
C/1947 X1-A 0.110032  0.999548 196.1521  337.3040  138.5419
C/1947 X1-B 0.110023  0.999629 196.1504  337.3059  138.5332
C/1947 Y1   1.499557  1.001085  61.9241  199.3010   77.5331
C/1948 E1   2.107056  1.000787  66.8980  247.6525   92.9194
C/1948 L1   0.207628  0.999875 317.0555  203.8209   23.1489
C/1948 N1   2.517207  0.999352 229.9503  120.6032  130.2675
C/1948 R1   4.708380  1.0      191.8392  140.4113   53.2325
C/1948 T1   3.261102  1.002278  73.4648  122.1206  155.0779
C/1948 V1   0.135421  0.999935 107.2521  211.0395   23.1170
C/1948 W1   1.273428  0.997499 274.2092   67.6685   87.6054
C/1949 K1   2.553231  1.000713  40.0905  222.3271  131.3511
C/1949 N1   2.058177  0.998644  89.5300  309.7099  105.7686
C/1950 K1   2.572335  1.001231 192.4685   38.8905  144.1552
C/1951 C1   0.719063  1.0       68.6020  311.2198   87.8968
C/1951 P1   0.740427  0.999739 269.6206   76.8942  152.5337
D/1952 B1   1.664094  0.515277 343.0130  128.4717   16.3497
C/1952 H1   1.282696  0.982816 144.8846  122.3556  112.0282
C/1952 M1   1.201925  0.999739  96.5825  188.6438   45.5521
C/1952 Q1   1.664977  0.995910 191.6259  221.3917   59.1154
C/1952 W1   0.777729  1.000343 253.8218  343.5816   97.1837
C/1953 G1   1.022132  0.997391  85.7400  275.8856   93.8573
C/1953 T1   0.970116  1.000564 194.3828    3.0329   53.2289
C/1953 X1   0.072347  1.0       94.0779  115.2328   13.5729
C/1954 M1   2.060608  1.0        1.4178  292.7314  136.6445
C/1954 M2   0.746377  1.000174 254.7275   75.5684   88.5406
C/1954 O1   0.677461  1.000286 357.2601  122.8248  116.1542
C/1954 O2   3.869934  1.000509 144.6706  265.3399  100.3891
C/1954 Y1   4.076871  1.004667  57.2975   72.8723   79.5999
C/1955 G1   4.495680  1.002791  73.7500  321.3347  123.9327
C/1955 L1   0.534419  0.989361  32.5143   48.9416   86.5016
C/1955 N1   1.427450  0.994167  13.2183  303.4659   50.0329
C/1955 O1   0.884616  1.000947 348.1929  339.4213  107.5221
C/1956 E1   0.842240  1.0       81.0015  226.7159  147.4519
C/1956 F1-A 4.447262  1.002745  13.2594  233.6563   33.2017
C/1956 R1   0.316035  1.000168 308.7803  215.8558  119.9443
C/1957 P1   0.354933  0.999365  40.3197   68.3242   93.9411
C/1957 U1   0.539130  1.0      277.6138  210.8753  156.7154
C/1958 D1   1.322689  0.999943  16.4658  151.1944   15.7879
C/1958 R1   1.628198  0.999866 100.7361  323.7788   61.2576
C/1959 O1   1.250534  1.002679 186.5069  105.7350   12.8322
C/1959 Q1   1.150354  1.000919 124.7085  159.9227   48.2566
C/1959 Q2   0.165507  1.0      300.6059  225.7683  107.7622
C/1959 X1   1.253464  0.999748  84.6925  100.6205   19.6339
C/1959 Y1   0.504353  1.000145 306.6343  252.6387  159.6002
C/1960 B1   1.170751  1.0      273.2478   83.7794   69.5010
C/1960 M1   4.266927  1.000884  46.4607  307.2619  125.4695
D/1960 S1   3.956877  0.366820  14.4176   23.6008    6.6598
C/1960 Y1   1.061612  0.989900 136.6139  177.2778  150.9552
C/1961 O1   0.040199  0.999962 270.7008  298.9545   24.2116
C/1961 R1   2.133412  0.989569 233.5552  155.4385  153.2780
C/1961 T1   0.681129  0.991812 126.5749  247.3552  155.7107
C/1962 C1   0.031397  1.000003  11.4731  304.6776   65.0142
C/1962 H1   0.653093  1.0       72.1412   79.8183   72.8735
C/1963 A1   0.632139  0.993377 336.3018   53.2187  160.6487
C/1963 F1   1.537101  0.998060 146.6221   43.4648   86.2194
C/1963 R1   0.005065  0.999946  86.1601    7.9393  144.5821
C/1963 W1   2.0874    1.0      343.19    100.24      4.67
C/1964 L1   0.500363  0.995933  58.4245  309.8701  161.8323
C/1964 N1   0.821752  0.984643 290.7618  269.9493  171.9200
C/1964 P1   1.259275  0.996513  20.6856  280.4451   67.9689
C/1965 S1-A 0.007786  0.999915  69.0486  346.9947  141.8642
C/1965 S1-B 0.007778  0.999925  69.0343  346.9811  141.8610
C/1965 S2   1.293900  1.0      150.5239  175.6235   65.0092
C/1966 P1   2.384748  0.999376 154.4836  156.0516   40.2648
C/1966 P2   2.018766  0.998183 136.1701  167.6893   28.7058
C/1966 R1   0.88188   1.0       50.047   107.660    48.279
C/1966 T1   0.419225  1.000391  79.7840   75.7078    9.0798
C/1967 C1   0.457263  1.0      144.3132  200.5401  106.4756
C/1967 C2   1.327158  1.0      173.2610  306.8449   99.1058
C/1967 M1   0.178251  1.0       78.9440   32.2934   56.7083
C/1967 Y1   1.696581  0.999152  70.8641  255.3211  129.3153
C/1968 H1   0.680374  0.995583  50.4500  233.1050  102.1658
C/1968 L1   1.234003  1.0      353.9761  254.7165   61.7687
C/1968 N1   1.160434  1.000665  88.7151  106.7471  143.2384
C/1968 Q1   1.771085  1.0       26.8644  319.3954   93.1695
C/1968 Q2   1.098991  1.0      282.8072  253.2939  127.9128
C/1968 U1   2.60907   1.0      101.688   209.197   135.165
C/1968 Y1   3.316033  0.995301  82.5798   16.1100   45.2291
C/1969 O1-A 1.719085  0.999125 123.4686  301.7583   86.3128
C/1969 P1   0.773917  1.0      299.0175  192.3980    8.9257
C/1969 T1   0.472638  0.999920 267.8339  101.6599   75.8178
C/1969 Y1   0.537606  0.996193 354.1460  224.6574   90.0394
C/1970 B1   0.065742  1.0      266.6535   30.6057  100.1760
C/1970 K1   0.008879  1.0       61.2903  337.0147  139.0714
C/1970 N1   1.112539  1.000048  96.5835   21.7014  126.7199
C/1970 U1   0.405499  1.0      318.5220  293.6802   60.7849
C/1971 E1   1.233292  1.000775 152.3628  104.0760  109.6825
C/1972 E1   0.927214  0.998126 257.6978  160.2988  123.6930
C/1972 F1   3.276561  0.996943 128.7315   24.7484  175.6160
C/1972 L1   4.275707  1.006288  56.6577  225.4863   79.3681
C/1972 U1   2.147032  1.001018 334.3058   43.1885  141.8554
C/1972 X1   4.860748  0.999910 267.2042  314.8839  113.0902
C/1973 A1   2.511124  1.000501 346.2351  175.8772  138.6283
C/1973 D1   1.382019  0.998723  74.8598  164.8177  121.5982
C/1973 E1   0.142425  1.000008  37.7976  258.4895   14.3043
C/1973 H1   2.384337  0.972977 123.4776   57.8409   48.3290
C/1973 N1   4.812056  1.000059  72.5430  279.2376  137.4032
C/1973 W1   3.842070  1.000643 221.2562  244.6006  108.0665
C/1974 C1   0.503191  0.999697 333.1341  143.7346   61.2842
C/1974 F1   3.011456  0.999602 261.3664   12.3684   50.6485
C/1974 O1   1.372951  0.979579 176.7744  165.7415  173.1585
C/1974 V1   6.018928  1.003948 151.7597  226.1041   60.8537
C/1974 V2   0.864646  1.0      324.9673   51.3485  134.8269
C/1975 E1   1.216939  1.001410 264.1296  157.9092   55.2438
C/1975 N1   0.425561  1.000097 116.9699  296.3521   80.7812
C/1975 T1   1.603933  0.997450 246.2411  278.6784   91.6076
C/1975 T2   0.838047  0.985653 152.0192  216.8053  118.2332
C/1975 V1-A 0.196626  0.999971 358.4270  118.9240   43.0664
C/1975 V2   0.218719  1.000001 358.0904  271.3132   70.6266
C/1975 X1   0.863968  1.001214 215.4661  281.4943   93.9552
C/1976 D1   0.847810  0.993811 313.0066  160.7896   46.8340
C/1976 D2   6.880674  1.002099 193.4266   22.7870  112.0259
C/1976 E1   0.67832   1.0      221.767    70.203   147.778
C/1976 J1   1.568877  0.999695 193.2643   81.4110   38.8063
C/1976 U1   5.857415  1.003931 118.7899  286.0372   86.6321
D/1977 C1   2.849393  0.259243  26.5570   80.7669    3.2011
C/1977 D1   5.715207  1.003506 146.2750  338.1707   64.5266
C/1977 H1   1.117568  1.0      249.3565   20.1385   43.1952
C/1977 R1   0.990575  0.999547 163.4866  182.5226   48.7118
C/1977 V1   3.603039  0.999633 318.1658    5.2850  168.5495
C/1978 A1   5.606362  1.002964 343.2844  211.6236  116.9300
C/1978 C1   0.436585  1.0       48.7048  260.4980   51.0863
D/1978 C2   1.438494  0.580362 147.6775  300.7566    7.0388
C/1978 G2   6.282837  1.002136 229.5094   72.2160  153.1829
C/1978 H1   1.136524  1.000850 231.4019  349.3449   43.7614
D/1978 R1   1.101411  0.665248 240.4793  132.2420    5.9464
C/1978 R3   1.771588  1.000416 224.7540  290.6780  130.6364
C/1978 T1   0.369901  0.998381 207.7603   41.7733   67.8302
C/1978 T3   0.431870  1.0      240.4503  358.4191  138.2649
C/1979 M1   0.413217  1.000059  47.6513  164.2164  136.2293
C/1979 M3   4.686916  1.001060  10.1010  293.1365   92.1782
C/1979 O1   2.2828    1.0       61.14    146.89      5.71
C/1979 Q1   0.00480   1.0       67.668   344.997   141.456
C/1979 S1   1.432081  0.973197 112.5727  297.6307   67.0840
C/1979 Y1   0.545164  0.987598 257.5849  103.2190  148.6018
C/1980 E1   3.363949  1.057322 135.0850  114.5563    1.6617
C/1980 L1   2.583897  1.000164 334.9641  279.5228   73.1503
C/1980 O1   0.522744  1.0      337.7695  160.6356   49.0681
C/1980 R1   2.112441  1.001723 297.1927  232.7890  128.7068
C/1980 V1   1.519550  0.994657  87.9675   25.4367  100.9862
C/1980 Y1   0.259823  0.999725 358.2941  115.3515  138.5850
C/1980 Y2   1.657271  0.998974 105.6008  331.9980   82.6479
C/1981 B1   0.00792   1.0       65.428   342.107   140.676
C/1981 G1   4.742518  1.000659 310.2409  176.7053  115.3105
C/1981 H1   2.458143  0.999021 189.8443   24.2644  160.6640
C/1981 M1   2.333601  0.999395 181.6147  143.9696  107.1467
C/1981 O1   0.00612   1.0       68.428   345.957   141.706
C/1981 V1   0.00450   1.0       77.680   357.569   143.847
C/1982 M1   0.647811  0.999401  33.8228  326.2626   84.4952
P/1983 C1   1.944792  0.689395 168.9811  346.3190    3.7982
C/1983 H1   0.991341  0.990115 192.8494   49.1023   73.2534
C/1983 J1   0.471081  1.000020  82.1727   83.0416   96.6225
C/1983 J2   1.416483  1.0      227.0805  119.6342  152.1911
P/1983 J3   2.608864  0.588166  19.4574  202.5850    4.3118
P/1983 M1   1.696830  0.695575 356.8912  357.8585   46.1864
C/1983 N1   2.417999  0.999420 265.5810  171.7915  138.8364
C/1983 O1   3.317899  1.001968 186.2136  209.5787  134.6986
C/1983 O2   2.254776  1.000196 333.9786  201.2574  120.7372
C/1983 R1   3.344888  1.000152 176.0386  164.6840  137.5972
C/1983 S2   0.00753   1.0       78.581   358.679   143.987
P/1983 V1   1.282459  0.833912  47.1147    1.4991   95.7312
D/1984 A1   1.357455  0.952214 219.1609  356.8581   51.8009
D/1984 H1   1.951090  0.482617 337.9901  249.3181    2.9551
C/1984 K1   2.696508  1.000720 235.4677   49.6864  116.6650
C/1984 N1   0.291284  0.999846 353.1286  171.5774  164.1533
C/1984 O2   0.01541   1.0       56.666   330.436   136.386
C/1984 S1   0.856856  1.0      128.0082   11.7104  145.6146
C/1984 U1   5.489159  0.995209 182.8308  238.3009  179.2123
C/1984 U2   1.214510  0.970905 229.2138  223.4750   13.8812
C/1984 V1   0.917954  0.999255  82.7372  331.1672   65.7154
D/1984 W1   1.319698  0.665667 317.5846   55.5031   21.5677
C/1984 W2   4.000234  0.999579 255.2662  250.2083   89.3273
C/1985 K1   0.106252  1.0      274.5004  195.4353   16.2766
C/1985 R1   0.694583  0.999828  87.0320  358.3960   79.9294
C/1985 T1   1.317140  0.983297  53.0001   53.0127  139.0692
P/1986 A1   1.794022  0.727700  14.8779   97.2760    6.4070
C/1986 E1   3.593864  0.946780 123.5706  294.8423  159.8090
C/1986 N1   2.642107  0.999534 157.7548  134.6178  114.9293
C/1986 P1   1.199651  1.000312 238.3072  111.6661  147.1191
C/1986 V1   1.721155  0.999909  70.2329   74.8046  160.5801
P/1986 W1   1.457305  0.592020  71.2782  283.7738    1.5285
C/1987 A1   0.921485  1.000383  95.2451   17.1167   96.5830
C/1987 B1   0.869579  0.995742 200.4017  176.0121  172.2300
C/1987 B2   0.393020  0.995125 195.2764   97.7060   40.8543
C/1987 F1   3.624588  1.001008 329.0892  194.4877  124.0800
C/1987 H1   5.457548  1.002839  16.9960  268.3257  132.4743
C/1987 P1   0.868956  0.994736  73.8994  268.0930   34.0882
C/1987 Q1   0.602603  1.000437 143.8336  298.5696  114.8751
P/1987 Q3   2.571261  0.566684 216.2581  143.7339    4.6868
C/1987 T1   0.515185  1.0       13.1872  143.7254   62.5345
C/1987 T2   0.00538   1.0       80.591     1.159   144.256
P/1987 U1   3.053021  0.321955 210.3594  214.5787    4.3624
C/1987 U3   0.841288  0.998872  17.4197  261.3415   97.1249
C/1987 U4   0.00627   1.0       82.632     3.660   144.466
C/1987 W1   0.199510  1.0      329.2939  226.5275   41.6193
C/1987 W2   1.679526  1.000202 233.6271  250.7538  117.7834
C/1987 W3   3.332819  1.004767 194.7364  198.3456   76.7159
C/1988 A1   0.841333  0.996565  57.3876   31.5154   73.3224
C/1988 B1   5.030826  1.002519 124.2192  325.1598   80.5858
C/1988 C1   1.930534  1.0      346.8345  147.5202   93.1570
C/1988 F1   1.174176  0.997816 326.5149  288.7651   62.8074
C/1988 J1   1.174466  0.997830 326.5150  288.7649   62.8066
C/1988 L1   2.474368  1.000567 232.1427  115.2561   97.6929
C/1988 M1   0.00516   1.0       85.882     7.660   144.706
C/1988 P1   0.164558  1.0      349.0366  167.7281   40.1990
C/1988 Q1   0.00591   1.0       82.252     3.200   144.436
C/1988 T1   0.00513   1.0       88.083    10.351   144.786
C/1988 U1   0.00579   1.0       86.142     7.981   144.716
P/1988 V1   2.517308  0.501319 176.0923  180.5414   11.6674
C/1988 W1   0.00590   1.0       91.084    14.021   144.796
C/1988 Y1   0.427818  1.0       88.1228  315.5225   71.0077
C/1989 A1   1.894583  0.998717 351.5590  157.0890   52.4104
D/1989 A3   0.420271  0.977708 194.7353   28.4357   83.0672
C/1989 A5   2.639507  0.995180  19.1090  137.1386   96.5548
C/1989 A6   2.207834  1.0       18.8355   74.3147   25.5050
C/1989 L1   0.00557   1.0       84.722     6.240   144.636
C/1989 N3   0.00462   1.0       91.804    14.902   144.786
C/1989 Q1   0.642361  1.000020 150.5640  275.5108   90.1465
C/1989 R1   1.324502  1.0      154.9103  128.6096  128.1341
C/1989 S1   0.00476   1.0       87.499     9.636   144.768
C/1989 T1   1.047322  0.990657  68.1263    8.5186   46.0369
P/1989 U1   1.929882  0.525388 200.3762  203.0723    7.4262
C/1989 W1   0.300688  1.000082 205.2592  345.9153   88.3873
C/1989 X1   0.349775  1.000225  61.5763   75.9255   58.9564
C/1989 Y1   1.569172  1.000308 137.8329  280.0093   59.3660
C/1989 Y2   1.975817  1.0      191.7410  293.8975  160.3369
C/1990 E1   1.068339  1.0      100.6214  348.4448   48.1425
C/1990 K1   0.938705  1.000417 242.6656  139.3647  131.5829
C/1990 M1   2.682238  1.001198  18.1719  233.2060  132.7742
C/1990 N1   1.092424  0.995316 180.9189  330.7378  143.7839
P/1990 R1   2.082992  0.405710 171.0214  218.8550    7.0702
P/1990 R2   2.043331  0.392228   2.5960   15.3223   14.8915
P/1990 S1   2.998114  0.288340 226.0345  138.0064    9.4310
P/1990 UL3  1.844051  0.582306 140.0786  235.9958    4.6372
P/1990 V1   1.523994  0.771786 310.6179   52.0452   24.3320
C/1991 A2   1.434161  0.990507 337.6388  115.5226   70.9783
C/1991 B1   2.265035  0.993508  74.3650  145.1295   77.2881
P/1991 C1   2.810419  0.249844 181.7749  303.7637    5.0170
C/1991 C3   4.777087  1.001769 320.8865  161.7096  113.4304
C/1991 F2   1.517721  1.000431 271.1592   11.8349   95.4565
P/1991 L3   0.982524  0.928807  41.4686  329.4305   19.1904
C/1991 L4   4.849913  1.000083  30.7913  253.6535   49.2952
C/1991 Q1   3.193954  0.994581 257.2310  120.4638   90.5062
C/1991 R1   6.986340  0.999374 149.2398  150.1176  104.5086
P/1991 R2   1.543100  0.508752  87.1525  153.4238    9.9673
P/1991 S1   2.125343  0.402350 224.4274   89.9816    7.3002
P/1991 T1   1.984899  0.529804   6.0433   29.6656   11.7653
C/1991 T2   0.836250  0.999862 145.2402   49.0506  113.4979
P/1991 V1   1.132346  0.705642 333.1274   37.9330   16.8548
P/1991 V2   1.630092  0.542754  91.9534  312.9564   10.2799
C/1991 X2   0.198771  1.000175 306.9902  288.7848   95.5664
C/1991 Y1   0.643969  1.000058 197.8730  254.9074   50.0287
C/1992 A1   3.016578  1.004149 239.8431  288.9032   39.2638
C/1992 B1   0.500157  1.0       15.3368  275.3503   20.2378
C/1992 F1   1.261498  0.995966  65.4746  300.5082   79.2924
P/1992 G2   2.710664  0.290688  22.3971  213.3969    6.0537
P/1992 G3   2.636951  0.389315  43.5926  145.4255   29.8014
C/1992 J1   3.007006  0.999961  83.4011  203.3240  124.3187
C/1992 J2   0.592305  1.0      299.7170  159.9981  158.5644
C/1992 N1   0.819198  1.0      162.6392  235.1287   57.6407
P/1992 Q1   1.600979  0.670726  47.8361  343.7358   18.0579
C/1992 Q2   2.038458  0.965365 268.8535  194.6672  106.8481
C/1992 U1   2.313654  0.999411  54.8646   55.2994   65.9859
C/1992 W1   0.664134  0.991721 310.0665  138.3753  115.1232
C/1993 A1   1.937531  1.001779 130.6569  144.7224  124.8778
C/1993 F1   5.900474  1.005773  61.9940   77.5156   53.9401
D/1993 F2-A 5.380622  0.216216 354.8843  220.5378    6.0036
D/1993 F2-B 5.380638  0.215595 354.8952  220.5653    5.9899
D/1993 F2-C 5.380457  0.215151 354.8967  220.5816    5.9824
D/1993 F2-D 5.380393  0.214711 354.9043  220.6003    5.9732
D/1993 F2-E 5.380354  0.214403 354.9089  220.6139    5.9670
D/1993 F2-F 5.380402  0.213569 354.9231  220.6518    5.9488
D/1993 F2-G 5.380144  0.212885 354.9305  220.6801    5.9358
D/1993 F2-H 5.380011  0.211776 354.9417  220.7284    5.9132
D/1993 F2-K 5.379814  0.210430 354.9632  220.7891    5.8853
D/1993 F2-L 5.379677  0.209366 354.9786  220.8376    5.8635
D/1993 F2-N 5.379590  0.208267 354.9903  220.8863    5.8408
D/1993 F2-P 5.379661  0.207881 355.0023  220.9049    5.8317
D/1993 F2-Q 5.379401  0.207429 355.0085  220.9268    5.8232
D/1993 F2-R 5.379278  0.206585 355.0143  220.9664    5.8062
D/1993 F2-S 5.379169  0.205746 355.0294  221.0068    5.7888
D/1993 F2-T 5.379329  0.205501 355.0263  221.0158    5.7832
D/1993 F2-U 5.379195  0.205180 355.0363  221.0340    5.7766
D/1993 F2-V 5.379081  0.204622 355.0469  221.0608    5.7652
D/1993 F2-W 5.378955  0.204278 355.0483  221.0772    5.7588
C/1993 K1   4.849268  1.000216 232.4449   30.3286   67.7670
P/1993 K2   3.090221  0.308863 163.7352   92.0349    9.8831
C/1993 Q1   0.967275  1.000278 261.0330  193.7890  105.0260
P/1993 W1   4.249824  0.260598  30.0150  100.6625   16.4654
P/1993 X1   2.745216  0.277310 348.3165   93.7110    2.3673
C/1993 Y1   0.867641  0.993512 353.4698  166.3593   51.5868
P/1994 A1   1.367310  0.638830 214.4874  245.9368    4.1845
C/1994 E1   1.751290  0.968171  98.9223    5.1730  145.1425
C/1994 E2   1.158820  0.997314  57.4964  166.5685  131.2547
C/1994 G1-A 1.359230  0.999123  61.6301  306.8298  132.8728
C/1994 J2   1.947758  0.996434 192.1223   51.1285  135.9611
P/1994 J3   2.944343  0.505554 192.1299   92.9426   24.8043
C/1994 N1   1.140150  1.000057 123.0730  158.9121   94.3789
P/1994 N2   2.484594  0.671286 312.1885   36.0124   17.6482
P/1994 P1-A 0.752548  0.750145 149.2623  246.1772   12.7865
P/1994 P1-B 0.752556  0.750108 149.2590  246.1734   12.7861
P/1994 P1-D 0.752558  0.750229 149.2512  246.1830   12.7885
C/1994 T1   1.845402  0.999517 142.7849  249.9436  101.7379
P/1994 X1   1.276890  0.815684 171.1487  218.0082   29.0741
P/1995 A1   4.082443  0.308187 295.9293  116.0167   19.8751
C/1995 O1   0.913959  0.995075 130.5947  282.4716   89.4245
C/1995 Q1   0.436390  0.998025 331.1617  178.0542  147.3942
C/1995 Q2   1.889153  0.966518 314.0000  300.7506  168.0075
C/1995 Y1   1.053613  1.0       46.4403  195.7490   54.4920

