ALL COMETS IN THE LATEST CATALOGUE WITH LISTED 1/Aorig; ANGLES CALCULATED WITH MY CODE                                                                                    *                 
comet      class omega_e   Omega_e     cos i_e    sinb_e    omega_g    Omega_g	   cos i_g    sin b_g   alpha_g    l_g         F           q          x                   *
C/1811 F1   2A   65.409700 143.049700  -0.291273   0.869879 130.417505 274.246198  -0.635839   0.587619 308.203182 130.992891  -0.588104   1.035412    5103.
C/1822 N1   2B  181.105500  95.242500  -0.606584  -0.015339 326.181332 334.732900  -0.987690  -0.087059 262.504344   8.224199  -0.022628   1.145099    3481.
C/1825 N1   2A  256.917400 218.129600  -0.833262  -0.538528 299.800293 340.674172  -0.113598  -0.862146 192.956442 351.893271  -0.851388   1.240846    4488.
C/1826 P1   2B   13.810100  46.402500   0.899179   0.104452 336.980766 168.775408   0.168977  -0.385417 169.448167 164.668988  -0.699253   0.852878    2749.
C/1840 B1   2B  156.619800 239.065800  -0.511753   0.340930 184.954627 338.340096   0.389496  -0.079546  23.000206 160.273995   0.145981   1.220451    5713.
C/1840 U1   2B  133.512700 251.214500   0.531335   0.614380 227.125998 263.387401   0.962816  -0.197985  79.191682 129.429576   0.072784   1.479951   23181.
C/1844 N1   2A  211.274800  33.848300  -0.661432  -0.389360 125.081548  65.968967  -0.697702   0.586246 300.546343 290.779529  -0.482759   0.855401     824.
C/1844 Y1   2B  177.505500 120.591000   0.700098   0.031078 204.764667 208.515051  -0.181479  -0.411936 348.512064  23.729460   0.735684   0.250537    2589.
C/1847 C1   2B  254.356500  23.824000   0.660479  -0.723032 202.092199 143.185742   0.058139  -0.375462   3.596440 324.537593   0.694614   0.042593    2438.
C/1847 J1   2A   32.358700 176.084900  -0.180837   0.526394  93.362754 283.874404  -0.138040   0.988721 292.824478 170.816646  -0.114881   2.115749     180.
C/1847 N1   2A   91.524800 340.404500  -0.114620   0.993058  34.183349  80.932802   0.222415   0.547770 164.582763  89.522861   0.883579   1.766058    1604.
C/1847 T1   2B  276.609000 192.966500  -0.311217  -0.944024 334.156077 298.817800   0.039840  -0.435575 177.463323 297.712301  -0.783399   0.329025     212.
C/1849 G2   2A   33.162100 204.660200   0.388278   0.504092 101.342712 266.776222   0.535270   0.828183  72.757438  17.319967  -0.275171   1.159406     -25.
C/1850 J1   2A  180.549500  94.983300   0.371614  -0.008904 186.796383 193.057639  -0.616843  -0.093145 321.717703   8.853126   0.145596   1.081429    2155.
C/1853 L1   1B  170.441300 142.566400   0.477146   0.145936 215.880090 232.563897  -0.219043  -0.571858 344.513528  43.560524   0.904186   0.306834      12.
C/1858 L1   1B  129.114400 167.304400  -0.453231   0.691621 196.053237 295.418525  -0.386317  -0.255062 336.451080 109.075382   0.452174   0.578469    6370.
C/1861 G1   2B  213.449600  31.867400   0.177543  -0.542446 161.484561 123.074975  -0.371136   0.294880 337.144622 310.160017  -0.519291   0.920700   18770.
C/1861 J1   1B  330.084100 280.909900   0.079461  -0.497151 307.923287  32.052950   0.886784  -0.364587 107.761717 343.355623  -0.207131   0.822384   19676.
C/1862 X1   2A   74.465700 118.838700   0.080977   0.960306 111.990449 230.774616  -0.712287   0.650823 290.253327 111.223472  -0.342103   0.794764     521.
C/1863 G1   2B    3.966900 253.166100  -0.384632   0.063858  21.173176 348.028746   0.578075   0.294723 142.775082   0.649638   0.448509   1.068038    1489.
C/1863 G2   2B   55.592500 252.082500   0.078527   0.822492  86.435703 330.281120   0.865178   0.500494  92.063670  56.163177   0.031206   0.628781    2083.
C/1863 T1   2A   78.116600 106.934600   0.116409   0.971916 102.107151 214.108617  -0.763478   0.631468 280.060810 108.415024  -0.171074   1.313114      14.
C/1863 V1   2A  357.212900  99.394000   0.206517  -0.047577  10.111090 200.950907  -0.733195   0.119382 227.601773 193.501835   0.159843   0.706413    1546.
C/1864 O1   2A  232.459300  33.666200  -0.337299  -0.746454 165.379044  94.264383  -0.628547   0.196328 320.131874 283.576300  -0.295506   0.931212    1056.
C/1871 V1   2B  242.893500 148.929100  -0.144342  -0.880839 303.096393 268.130743  -0.506092  -0.722545 227.059550 305.958322  -0.680574   0.691268    6579.
C/1873 Q2   2B  233.754400 178.495900  -0.521940  -0.687921 298.052944 304.018949  -0.270111  -0.849710 210.817165 330.898202  -0.769508   0.384913    1320.
C/1874 H1   2A  152.380400 120.495000   0.401246   0.424643 183.188473 219.101514  -0.480491  -0.048779 331.245107  37.568264   0.085426   0.675782    3206.
C/1877 G2   2B  116.772100 347.798400   0.221691   0.870589  54.472748 102.081554   0.279186   0.781479 153.419041 123.437577   0.872106   1.009053    2074.
C/1880 G1   2B  145.167600 258.924700  -0.545463   0.478724 155.229520 356.655501   0.444106   0.375399  28.629854 165.074328  -0.610804   1.814412     534.
C/1881 K1   2A  354.235000 272.630800   0.447364  -0.089836 312.962221  49.210241   0.997108  -0.055615  92.973497   2.255230  -0.005761   0.734558    5461.
C/1882 F1   2A  208.985400 206.591100   0.279030  -0.465340 273.568824 274.805027   0.520513  -0.852198  95.830329 191.637686  -0.090589   0.060763     144.
C/1882 R1-B 2B   69.585300 347.656600  -0.788130   0.576850   7.184814  45.323296  -0.283870   0.119925 196.614684  43.273856   0.228178   0.007751   12265.
C/1885 X2   1B  119.623000  69.910100   0.096864   0.865209  92.955733 155.385566  -0.766352   0.641567 272.475107  61.531078  -0.042505   0.479259     332.
C/1886 H1   2A  201.287200 194.204500   0.040803  -0.362741 261.107528 281.826191   0.242999  -0.958367  58.322516 159.049665   0.287409   0.269803   12213.
C/1886 T1   1B   86.348400 138.971300  -0.201341   0.977533 146.865474 265.707098  -0.650334   0.415229 314.367021 108.708621  -0.528272   0.663317      46.
C/1887 B2   2B  159.423100 281.511300  -0.246556   0.340614 144.568410  23.011116   0.699332   0.414390  50.211548 176.557563  -0.482700   1.630145   10004.
C/1887 J1   2B   15.087600 246.845100   0.953465   0.078480 166.732787 195.870779   0.715755   0.160267  46.479522   6.291525  -0.217870   1.393813    4276.
C/1888 D1   1B  359.904900 246.962300   0.740239  -0.001116 128.108920 223.883061   0.907532   0.330458  74.060418 354.718880  -0.171306   0.698772    6648.
C/1888 R1   1A  340.464200 358.975100  -0.971896  -0.078720 258.473913  21.956682  -0.481958  -0.858525 289.964048 134.890919   0.300614   1.814916      48.
C/1888 U1   1B  290.808700 139.089600   0.554227  -0.778072 333.250790 226.716870  -0.190899  -0.441809 192.286135 232.212832  -0.774546   1.527853    5626.
C/1889 G1   1B  236.061800 312.221200  -0.960545  -0.230743 197.793619  17.822469  -0.300771  -0.291439 341.674194 192.308790   0.529298   2.255596     933.
C/1889 O1   2A  345.861900 287.711500   0.406871  -0.223128 279.381355  81.244669   0.954385  -0.294587  92.919343   1.065874  -0.028675   1.039721    2899.
C/1890 F1   1B   68.927300 321.877900  -0.508576   0.803437  24.234004  50.632414   0.201334   0.402059 167.297459  55.810794   0.718241   1.907582      89.
C/1890 O2   2B  163.052300 101.659000  -0.155354   0.287960 190.341868 217.838250  -0.914558  -0.072608 293.511681  28.363261   0.057779   1.260223     916.
C/1892 E1   1B   24.497400 242.429700   0.780428   0.259259 151.253871 221.635450   0.871843   0.235552  63.777548  16.076798  -0.202304   1.026832    1187.
C/1892 F1   1B  129.318900 254.939000   0.005308   0.773620 152.941279 338.867197   0.843107   0.244623  60.403415 135.566941  -0.234292   1.970726     846.
C/1892 Q1   1B  252.653000 266.034600   0.907769  -0.400392  67.736444 188.746297   0.814663   0.536702 105.093824 252.065700   0.235847   0.975989     -27.
C/1893 N1   2A   47.117600 338.833700  -0.939576   0.250851 346.384134  26.504176  -0.363163  -0.219339 201.853049  31.531253  -0.397240   0.674549     987.
C/1894 G1   2B  324.184300 207.885200   0.052918  -0.584360  22.274681 288.687712   0.440627   0.340267 152.057330 298.918697   0.565321   0.983032   11206.
C/1895 W1   1B  272.666500 321.955400  -0.783978  -0.620116 228.957983  36.000758  -0.062880  -0.752736 354.518994 211.869551   0.986555   0.191978    -172.
C/1896 V1   1B  172.339400  87.931500  -0.830367   0.074280 355.052257   8.113451  -0.896154  -0.038271 243.742070  12.549562  -0.033839   1.062791       5.
C/1898 F1   1B   47.307300 263.868100   0.300220   0.701095  68.288408 343.190711   0.973151   0.213841  95.000473  50.937871   0.036416   1.095261   18475.
C/1898 L1   1A  233.269300  75.408700   0.343073  -0.752814 217.843567 169.636183  -0.620543  -0.481096 314.940358 323.897535   0.595839   1.701595      68.
C/1898 V1   1B    4.641700  97.244300   0.923849   0.030974  11.572569 189.423077   0.130363   0.198897 172.355789 190.952210   0.386382   2.284591     -71.
C/1899 E1   1B    8.710100  26.408100  -0.831654   0.084091 274.819507  46.052754  -0.632867  -0.771523 264.131297 128.464079  -0.100377   0.326576    -109.
C/1900 B1   1B   24.409500  41.794300  -0.833390   0.228400 275.957916  43.545461  -0.738149  -0.670994 264.580738 125.498152  -0.093974   1.331529      57.
C/1900 O1   2B   12.422500 329.413600   0.461219   0.190872 300.230632 109.561422   0.613123  -0.682554 122.972258  63.105554  -0.542964   1.014835     610.
C/1902 R1   1B  152.983800  50.740700  -0.916047   0.182184  25.033378  27.748412  -0.727466   0.290339 229.482947   8.983792   0.361001   0.401074      27.
C/1902 X1   1B    5.831600 118.810800   0.720604   0.070447  31.497320 206.620886  -0.165386   0.515264 191.126488 200.834391   0.866594   2.773525      26.
C/1903 A1   2B  133.711100   3.649200   0.857692   0.371655  63.530357 152.489585   0.392717   0.823252 136.227369 190.752981   0.674925   0.410561    1063.
C/1903 M1   1B  127.252100 294.909900   0.086886   0.792970  85.996771  55.582340   0.822779   0.566975  92.760973 140.720612   0.044994   0.330182      33.
C/1904 H1   1A   53.526700 277.121600  -0.575441   0.657656  46.079934  13.388602   0.416958   0.654707 146.521939  36.800267   0.825559   2.707793     227.
C/1904 Y1   2A   40.740700 219.789100  -0.166750   0.643499  89.234620 308.048518   0.472377   0.881318  91.427764  36.428581   0.020753   1.882049     -75.
C/1906 B1   2B   89.849500 287.706100  -0.594019   0.804449  72.737910  22.202469   0.367037   0.888307 126.945228  71.950645   0.490403   1.296297     630.
C/1906 E1   1B  158.599600 343.621900   0.997208   0.027245  55.331716 181.566872   0.513294   0.705845 133.563026 218.148511   0.689148   3.339884      28.
C/1907 E1   1B  317.119700  98.484200  -0.784338  -0.422118 116.299319 351.650128  -0.921305   0.348593 280.591755 233.439660  -0.120111   2.051705      25.
C/1907 L2   1A  294.472700 144.265600   0.987804  -0.141716 345.742674 194.419029   0.413499  -0.224237 154.893407 188.420881  -0.395760   0.512173    2650.
C/1908 R1   1B  171.594900 104.459600  -0.768008   0.093614 316.692722 341.389426  -0.918214  -0.271678 252.573080  22.265665  -0.156609   0.945299     174.
C/1910 A1   2A  320.912200  90.035400  -0.752199  -0.415466 138.999184   4.918921  -0.945648   0.213348 284.548880 224.341282  -0.104721   0.128975     135.
C/1910 P1   1B   50.957400 290.779900  -0.515870   0.665354  30.310081  26.745599   0.435294   0.454357 150.748486  41.022526   0.706275   1.948013     474.
C/1911 N1   2A  110.371400 158.665400  -0.851912   0.490932 200.396828 329.246387  -0.583796  -0.282964 322.506424 136.998911   0.430668   0.683837    6337.
C/1911 O1   1A  153.004500 294.207100   0.830892   0.252577  17.064232 159.886440   0.851040   0.154088 120.534179 174.526782   0.154699   0.489429    6280.
C/1911 S2   1B  122.035900  36.431200  -0.310676   0.805767  56.163054  97.548296  -0.652081   0.629738 237.080740  53.340868   0.531702   0.787623    2491.
C/1911 S3   2A   71.711200  89.896900  -0.112612   0.943447  72.977290 187.821577  -0.918085   0.379019 262.796264 116.264163   0.087964   0.303424     -74.
C/1912 R1   1B   25.621600 298.247500   0.176918   0.425604 335.843801  66.382707   0.835372  -0.224945 120.980285  45.843557  -0.225643   0.716079      45.
C/1913 Y1   1A   97.467100  60.396300   0.373979   0.919572  68.079893 154.736009  -0.518412   0.793309 238.375759 102.555557   0.506499   1.104459      29.
C/1914 F1   2A   72.225400 200.116300   0.914156   0.386012 167.865669 214.077099   0.579361   0.171332  36.019207  26.976489  -0.273055   1.198527     126.
C/1914 M1   1A   13.999200 271.513800   0.324891   0.228785   3.999427  17.281938   0.981512   0.013350 101.008449  21.207655   0.005098   3.746800      27.
C/1914 S1   2B  270.346700   1.582900   0.210711  -0.977531 209.981665 108.057276   0.071244  -0.498453   4.713917 290.410933   0.861311   0.712756    2239.
C/1916 G1   1A  120.621500 184.457200   0.901386   0.372633 201.081946 215.854330   0.481779  -0.315205  30.507922  46.375908   0.515448   1.686446      17.
C/1919 Q2   2A  185.753300 122.097500   0.689843  -0.072574 214.309369 209.877835  -0.185170  -0.553913 347.149599  22.676189   0.899247   1.115291      20.
C/1920 X1   2B  340.887600 108.832400   0.926986  -0.122815 357.945198 193.656920   0.154092  -0.035427 171.130275 193.340160  -0.069963   1.147892    5023.
C/1921 E1   1B   64.490100 269.439500  -0.671560   0.668715  64.379741   6.465868   0.309024   0.857546 143.077211  39.263500   0.705315   1.008457      18.
C/1922 U1   1A  118.298000 221.578400   0.623109   0.688665 206.045427 250.626055   0.766155  -0.282179  52.997528  91.153522   0.325856   2.258774      21.
C/1924 F1   2A  271.440100 115.073800   0.303579  -0.952505 299.378240 217.335257  -0.593661  -0.701229 236.376980 263.855200  -0.553650   1.755695    1076.
C/1925 F1   1A  205.760100 358.539300  -0.835933  -0.238524 133.809283  43.342862  -0.409111   0.658493 327.070503 246.440095  -0.831909   4.180785      35.
C/1925 F2   1B  259.277600   7.040100   0.891167  -0.445754 190.242330 157.145559   0.390159  -0.163720  23.296876 341.178142   0.296685   1.633299    3778.
C/1925 G1   1A   36.181400 319.109600  -0.174033   0.581335 347.720462  64.529262   0.465073  -0.188281 151.735503  58.748992  -0.325733   1.109477      40.
C/1925 W1   1B  106.399200 335.613000   0.651692   0.727627  27.074080 127.162547   0.588575   0.367956 140.729473 143.906614   0.529749   1.566243      24.
C/1926 B1   2B  328.258500 137.126400  -0.619760  -0.412869  55.675126 301.740192  -0.765444   0.531439 244.636582 253.473727   0.385677   1.345477    5808.
C/1927 E1   1A   11.136500 215.650400   0.040960   0.192985  66.900087 294.192626   0.533988   0.777702 121.848788 345.575785   0.515953   3.683902     623.
C/1927 X1   2A   47.158800  78.243600   0.085198   0.730575  30.802304 167.503857  -0.806051   0.303071 237.761213 141.837395   0.308138   0.176157    1674.
C/1930 E1   1B   24.627000 117.367100   0.309527   0.396245  54.518589 219.475913  -0.574267   0.666645 230.393356 180.619434   0.633562   2.078632     524.
C/1930 F1   2A   46.959900  91.236600   0.388466   0.673475  49.052012 188.593526  -0.605943   0.600851 229.291200 153.665507   0.626514   0.481810   16959.
C/1931 O1   1B  320.146700 192.240100   0.739682  -0.431247  37.416859 235.531187   0.498306   0.526798 144.108748 256.398826   0.725511   1.046903   21020.
C/1931 P1   2A  168.145500 102.277600  -0.982574   0.038183 333.383375   3.242598  -0.645656  -0.342120 223.402533  21.171844  -0.467131   0.074924     300.
C/1932 G1   2B  303.515700 213.483500   0.270977  -0.802541   7.750687 278.789351   0.603746   0.107509 142.607911 283.487000   0.169842   1.254431   23175.
C/1932 M1   1B   69.787000 246.089700   0.201259   0.919213 116.131716 311.606431   0.881069   0.424641  76.697213  70.715611  -0.176923   1.647412     -56.
C/1932 M2   1A  329.694400 216.093700  -0.573413  -0.413412  14.278193 324.857971   0.140492   0.244184 171.669809 326.905653   0.468588   2.313581      45.
C/1932 P1   2B   38.471300 345.462000   0.313669   0.590725 334.251805 106.163416   0.353253  -0.406409 157.255554  96.494480  -0.684914   1.037198   22945.
C/1932 Y1   2B  327.361900  78.587800   0.909943  -0.223678 318.018694 181.920968   0.098827  -0.665614 172.390380 176.839275  -0.984741   1.130788   24562.
C/1935 A1   2A   18.396900  92.447200   0.415882   0.287010  21.732835 189.868297  -0.581134   0.301336 217.550696 176.825929   0.455598   0.811148   10774.
C/1935 Q1   1A   44.895700 300.561400   0.404947   0.645358 333.805636  91.875876   0.879607  -0.209983 115.885967  68.477127  -0.179262   4.043409      19.
C/1936 K1   2A  148.475400 134.940800   0.198603   0.512449 194.053379 240.150142  -0.496006  -0.210850 329.508314  53.072570   0.355211   1.099868    8294.
C/1936 O1   2A   45.849600 265.006200  -0.529056   0.608873  50.091524   2.223124   0.471180   0.676584 140.217680  31.618092   0.765735   0.518403   11007.
C/1937 C1   1B  107.734500 128.608200   0.748360   0.631772 141.164956 211.279449  -0.073372   0.625390 354.604599  34.659762  -0.971675   1.733791      62.
C/1937 N1   2A  114.836600  59.420700  -0.833072   0.502002 345.725073  36.019988  -0.830250  -0.137439 236.951000  47.947863  -0.148483   0.862744     124.
C/1937 P1   2B  147.492400  97.795700   0.979643   0.107883 155.236909 188.158269   0.314757   0.397577  20.061804 359.897100  -0.685338   1.953657   14623.
C/1939 B1   2B  169.024300 289.613600   0.445826   0.170424  94.301168  90.750286   0.950090   0.311098  88.589255 185.276488  -0.014558   0.716496    7813.
C/1939 V1   2B  126.776900 197.111800  -0.051499   0.799910 185.081731 288.041706   0.239188  -0.086006  13.891131 109.260210   0.166362   0.945209    3327.
C/1940 O1   2A  235.736800 135.061600   0.577992  -0.674427 275.168828 223.053750  -0.206781  -0.974409 246.913069 289.426211  -0.171776   1.082228   18093.
C/1940 R2   1B  199.569000 296.590500   0.644201  -0.256182  93.228352 128.602501   0.910135   0.413654  88.531491 222.148836  -0.019303   0.367751       1.
C/1940 S1   2B  329.678200 128.068500  -0.683453  -0.368542  70.066120 310.524296  -0.833752   0.519059 257.277118 244.032291   0.195419   1.061768    -124.
C/1941 B2   1B  268.699700  43.106900  -0.978881  -0.204377 140.885597  17.098790  -0.609398   0.500195 315.270215 223.457161  -0.615414   0.790033    2029.
C/1941 K1   1B   85.321900 257.559800  -0.078746   0.993574 102.772378 346.217497   0.807667   0.575049  80.831600  91.895310  -0.149923   0.874789      78.
C/1942 C1   1B  223.415700 340.934700   0.183059  -0.675673 161.462372  96.659652   0.360029   0.296608  22.147604 269.775820  -0.524720   1.445303      16.
C/1942 C2   1A  163.620600 281.039300  -0.991478   0.036738 152.624449   8.012774  -0.382238   0.424904 335.023219 199.208420  -0.697335   4.113405     -34.
C/1942 X1   1B   39.843200 100.799000   0.941396   0.216107  49.956850 190.285969   0.181209   0.752886 164.018331 202.454124   0.952722   1.353647    7352.
C/1944 H1   1B  238.942600  29.084800   0.954822  -0.254578 185.527055 170.408180   0.346681  -0.090343  20.371403 352.329548   0.168692   2.410856    3058.
C/1944 K2   1A  336.974100 203.500300  -0.087253  -0.389655  33.354930 293.414335   0.310689   0.522614 158.628418 304.972583   0.829852   2.225933      18.
C/1946 C1   1A   54.328000 129.665000   0.294996   0.776217  94.300180 231.399397  -0.485196   0.871944 277.695754 132.590038  -0.114337   1.724129     -13.
C/1946 P1   1A  320.413000 238.335600   0.545156  -0.534228  48.968947 261.364308   0.894634   0.337045 108.151944 307.156245   0.197717   1.136113      44.
C/1946 U1   1A  348.625000  35.558800  -0.311907  -0.187390 282.678861  97.015496  -0.642415  -0.747670 255.327503 167.715371  -0.251523   2.407663      -1.
C/1947 F1   1B  303.754500 353.909800   0.773824  -0.526626 229.994459 141.873916   0.436513  -0.689153  37.042397 349.353478   0.797186   0.559799    5924.
C/1947 O1   1A    9.375200 311.796100  -0.127606   0.161567 323.823158  61.062367   0.571265  -0.484481 139.230108  38.389700  -0.641958   2.827968     234.
C/1947 S1   1A  350.214600 271.439800  -0.772380  -0.107951 348.348024   7.737916   0.166735  -0.199139 170.203871   5.768664  -0.384611   0.748125      24.
C/1947 Y1   1B   61.924100 199.301000   0.215876   0.861520 124.593599 275.034488   0.396840   0.755605  37.289147  65.118774  -0.787540   1.499557      28.
C/1948 E1   1A   66.898000 247.652500  -0.050931   0.918614  97.688287 330.270849   0.779996   0.620159  83.873699  70.089995  -0.103839   2.107056      34.
C/1948 L1   2B  317.055500 203.820900   0.919486  -0.267830  56.789030 212.894793   0.598590   0.670211 126.240819 255.333318   0.588119   0.207628     525.
C/1948 N1   1A  229.950300 120.603200  -0.646357  -0.584093 332.455195 307.217121  -0.887131  -0.213425 245.237717 332.046792  -0.174669   2.517207     498.
C/1948 T1   1A   73.464800 122.120600  -0.906882   0.403959 207.337545 345.878171  -0.758181  -0.299439 307.378443 144.475183   0.346883   3.261102      34.
C/1948 V1   2A  107.252100 211.039500   0.919705   0.374946 214.162537 212.025042   0.636345  -0.433177  44.912232  55.382214   0.552991   0.135421    1294.
C/1948 W1   2A  274.209200  67.668500   0.041781  -0.996432 243.097688 149.859390  -0.784977  -0.552480 289.651773 272.736516   0.309739   1.273428    2633.
C/1949 K1   1A   40.090500 222.327100  -0.660671   0.483432  79.791299 332.822485   0.115823   0.977545 146.657799   5.569918   0.344177   2.553231     263.
C/1949 N1   1B   89.530000 309.709900  -0.271753   0.962335  49.018012  52.468347   0.500870   0.653397 138.575111  82.433997   0.741773   2.058177     735.
C/1950 K1   1A  192.468500  38.890500  -0.810606  -0.126431  89.263874  47.447906  -0.726677   0.686922 269.304141 318.460859   0.012125   2.572335      37.
C/1951 P1   1B  269.620600  76.894200  -0.887282  -0.461217 109.280200  16.673722  -0.831933   0.523756 282.419778 263.868185  -0.191918   0.740427    1348.
C/1952 H1   2A  144.884600 122.355600  -0.375063   0.533233 213.204806 269.498137  -0.860742  -0.278768 296.327766  60.103101   0.237468   1.282696   13506.
C/1952 M1   2A   96.582500 188.643800   0.700260   0.709181 169.907792 238.386738   0.448507   0.156620  27.007730  53.822595  -0.275635   1.201925     148.
C/1952 Q1   1B  191.625900 221.391700   0.513311  -0.172946 270.366620 262.316255   0.754156  -0.656682  90.319236 172.802383  -0.005519   1.664977    3277.
C/1952 W1   1B  253.821800 343.581600  -0.125051  -0.952861 195.862566  82.135556   0.171311  -0.269290  10.246441 264.922418   0.510413   0.777729    -125.
C/1953 G1   1B   85.740000 275.885600  -0.067272   0.994978  75.585259  18.068726   0.826572   0.545112  99.620646  90.795137   0.152752   1.022132    2983.
C/1954 M2   2A  254.727500  75.568400   0.025469  -0.964371 233.035743 161.167203  -0.829861  -0.445824 292.013713 293.371156   0.299163   0.746377      36.
C/1954 O1   2A  357.260100 122.824800  -0.440788  -0.042908  72.370725 277.569377  -0.868542   0.472339 260.195065 207.665872   0.141796   0.677461      49.
C/1954 O2   1A  144.670600 265.339900  -0.180332   0.568796 150.002187   0.325093   0.761728   0.323927  53.623718 156.587838  -0.363516   3.869934      42.
C/1954 Y1   1A   57.297500  72.872300   0.180521   0.827663  36.275696 162.377424  -0.728744   0.405168 232.854252 134.237764   0.447354   4.076871      39.
C/1955 G1   1A   73.750000 321.334700  -0.558219   0.796547  29.846642  47.908306   0.165530   0.490815 169.047892  53.333926   0.839681   4.495680      82.
C/1955 L1   2A   32.514300  48.941600   0.061021   0.536508 346.183556 130.055591  -0.629416  -0.185573 219.832235 138.854626  -0.280062   0.534419   20013.
C/1955 N1   2A   13.218300 303.465900   0.642348   0.175249 273.864244 125.730841   0.869688  -0.492480  92.190472  40.171930  -0.032765   1.427450    4353.
C/1955 O1   2A  348.192900 339.421300  -0.301074  -0.195123 292.800683  71.138427   0.131914  -0.913803 161.047541  53.716591  -0.702056   0.884616    -727.
C/1956 F1-A 1A   13.259400 233.656300   0.836748   0.125595 135.384388 218.680186   0.802014   0.419516  62.069973   0.324764  -0.356742   4.447262      17.
C/1957 P1   1B   40.319700  68.324200  -0.068731   0.645522   5.096839 144.830697  -0.842317   0.047883 237.488620 140.534252   0.051412   0.354933    2001.
C/1958 D1   1B   16.465800 151.194400   0.962275   0.077118  71.817666 201.320983   0.367119   0.883729 128.330730 249.503729   0.513010   1.322689     256.
C/1958 R1   1A  100.736100 323.778800   0.480872   0.861443  26.053300 109.306505   0.681272   0.321513 133.989105 127.727526   0.422884   1.628198      76.
C/1959 O1   2B  186.506900 105.735000   0.975025  -0.025169 201.401814 190.144220   0.299889  -0.348111  18.656728  16.847790   0.618379   1.250534    -446.
C/1959 Q1   2A  124.708500 159.922700   0.665796   0.613367 180.194015 231.490535   0.116009  -0.003363   6.661865  51.513042   0.006681   1.150354     593.
C/1959 X1   1B   84.692500 100.620500   0.941859   0.334568  94.651547 190.211827   0.182361   0.979993  66.382993 304.256782  -0.156281   1.253464      69.
C/1960 M1   1B   46.460700 307.261900  -0.580269   0.590378  12.826122  37.697741   0.268790   0.213823 164.028801  41.199679   0.401631   4.266927      40.
C/1960 Y1   2A  136.613900 177.277800  -0.874240   0.333491 212.728546 333.470504  -0.449633  -0.482924 329.104252 137.352501   0.725747   1.061612   10480.
C/1961 O1   2B  270.700800 298.954500   0.912037  -0.410077 132.260489 168.097634   0.762709   0.478650  60.306050 308.088586  -0.416363   0.040199     792.
C/1961 R1   1A  233.555200 155.438500  -0.893199  -0.361721 330.040186 335.378884  -0.602001  -0.398762 221.029764 354.515802  -0.551725   2.133412    4935.
C/1961 T1   2A  126.574900 247.355200  -0.911480   0.330342 145.659577 357.454323  -0.122142   0.559885 351.522993 182.224358  -0.917672   0.681129   13656.
C/1962 C1   1B   11.473100 304.677600   0.422394   0.180293 298.287484  96.261315   0.851385  -0.461900 106.276138  38.558396  -0.229636   0.031397      25.
C/1963 A1   1A  336.301800  53.218700  -0.943505  -0.133180 202.126052  22.268104  -0.701371  -0.268471 313.272515 186.351600   0.354546   0.632139   11389.
C/1963 F1   2A  146.622100  43.464800   0.065936   0.548961  97.343018 125.727520  -0.570225   0.814752 280.432860  22.993056  -0.171088   1.537101    1281.
C/1963 R1   2A   86.160100   7.939300  -0.814947   0.578235   8.146389  47.167442  -0.480527   0.124270 208.965374  43.232487   0.215766   0.005065   10697.
C/1964 L1   1B   58.424500 309.870100  -0.950148   0.265638  22.599374  18.513649  -0.266811   0.370354 196.692550  12.176396   0.659044   0.500363    8131.
C/1964 N1   2B  290.761800 269.949300  -0.990073  -0.131428 290.172634   6.467065  -0.370271  -0.871941 229.135381  51.691173  -0.558634   0.821752   18662.
C/1964 P1   1B   20.685600 280.445100   0.375110   0.327446 330.886528  61.058204   0.975675  -0.106661 101.105961  32.540572  -0.040856   1.259275    2721.
C/1965 S1-A 1B   69.048600 346.994700  -0.786549   0.576699   7.151517  45.259999  -0.276676   0.119634 196.181274  43.271806   0.228139   0.007786   11128.
C/1966 P1   2A  154.483600 156.051600   0.763066   0.278415 208.308605 223.334418   0.157841  -0.468276  10.290428  48.193981   0.814210   2.384748      78.
C/1966 P2   2A  136.170100 167.689300   0.877098   0.332626 201.397416 216.545751   0.352046  -0.341479  21.997157  44.399951   0.595176   2.018766     643.
C/1966 T1   2A   79.784000  75.707800   0.987470   0.155308  67.153578 184.092370   0.357844   0.860525 135.374429 224.435307   0.623970   0.419225      49.
C/1967 Y1   1A   70.864100 255.321100  -0.633587   0.730921  83.740807 354.909931   0.336362   0.936119 106.974706  66.849913   0.192230   1.696581     842.
C/1968 N1   2A   88.715100 106.747100  -0.801133   0.598336 233.313244 342.819161  -0.893731  -0.359741 286.693008 112.633871   0.192831   1.160434     -82.
C/1968 Y1   2A   82.579800  16.110000   0.704274   0.703983  25.093663 142.744396   0.172183   0.417765 169.075617 147.354371   0.745369   3.316033    1502.
C/1969 O1-A 1A  123.468600 301.758300   0.064309   0.832461  77.441690  62.236265   0.762724   0.631251 100.445993 135.955202   0.177532   1.719085     555.
C/1969 T1   1B  267.833900 101.659900   0.245006  -0.968829 282.884532 203.238971  -0.699972  -0.696188 257.182806 275.141904  -0.221737   0.472638     507.
C/1970 N1   1A   96.583500  21.701400  -0.597904   0.796282  20.645432  70.027040  -0.562089   0.291614 215.988963  58.069392   0.451396   1.112539     283.
C/1972 E1   2B  257.697800 160.298800  -0.554743  -0.812917 330.315824 300.146873  -0.511060  -0.425663 214.387080 316.388583  -0.635724   0.927214    2297.
C/1972 F1   2A  128.731500  24.748400  -0.997074   0.059630  15.677636  11.021330  -0.524180   0.230125 212.590854   2.652038   0.377371   3.276561    1582.
C/1972 L1   1A   56.657700 225.486300   0.184499   0.821060 114.818613 292.154946   0.706885   0.642000  67.217108  55.348498  -0.381218   4.275707      69.
C/1972 U1   1A  334.305800  43.188500  -0.786454  -0.267792 229.456997  49.850049  -0.762388  -0.491759 298.887312 188.139882   0.413707   2.147032     320.
C/1972 X1   1A  267.204200 314.883900  -0.392180  -0.918794 225.511672  51.214804   0.363809  -0.664507  29.133272 251.537692   0.867505   4.860748     476.
C/1973 A1   1A  346.235100 175.877200  -0.750438  -0.157263  57.752192 320.113899  -0.407507   0.772339 219.906040 287.254913   0.752673   2.511124      49.
C/1973 D1   1B   74.859800 164.817700  -0.523959   0.822179 144.627011 299.287053  -0.445536   0.518265 328.603265 136.839740  -0.756666   1.382019    1541.
C/1973 E1   1A   37.797600 258.489500   0.968997   0.151424 204.741505 190.059878   0.692298  -0.302012  46.569551  27.754093   0.395861   0.142425      20.
C/1973 H1   2B  123.477600  57.840900   0.664852   0.623053  95.788004 162.790542  -0.222213   0.970028 293.868858  48.269912  -0.190759   2.384337   10888.
C/1973 N1   1A   72.543000 279.237600  -0.736135   0.645661  63.744814  13.224187   0.212513   0.876347 153.820055  36.532278   0.757629   4.812056     531.
C/1973 W1   1B  221.256200 244.600600  -0.310121  -0.626916 248.094154 336.723359   0.595128  -0.745607  63.261420 212.677268   0.447097   3.842070      71.
C/1974 F1   1A  261.366400  12.368400   0.634076  -0.764508 202.405305 136.588528   0.163737  -0.376012  10.177841 320.450426   0.685871   3.011456      36.
C/1974 O1   2B  176.774400 165.741500  -0.992879   0.006703 276.398166 358.592191  -0.517878  -0.850126 259.569928  76.374606  -0.162084   1.372951   15097.
C/1974 V1   1A  151.759700 226.104100   0.487041   0.413257 229.765142 266.307306   0.794415  -0.463672  63.717790 129.502472   0.363814   6.018928      11.
C/1975 E1   1B  264.129600 157.909200   0.570086  -0.817277 318.031355 236.287420   0.023207  -0.668544 178.211749 235.091682  -0.993871   1.216939      23.
C/1975 N1   1A  116.969900 296.352100   0.160205   0.879733  69.905088  62.768540   0.842526   0.505865 102.388844 129.296762   0.187240   0.425561     817.
C/1975 T1   1B  246.241100 278.678400  -0.028054  -0.914889 231.085555  23.901152   0.841826  -0.419970  68.062731 250.100005   0.284780   1.603933    1964.
C/1975 T2   2B  152.019200 216.805300  -0.473061   0.413358 197.047578 320.452703   0.230035  -0.285304  13.887134 144.487524   0.530906   0.838047   17578.
C/1975 V1-A 1A  358.427000 118.924000   0.730563  -0.018745  24.128390 206.328002  -0.151927   0.404037 189.560416 202.434984   0.728914   0.196626    1569.
C/1975 V2   2A  358.090400 271.313200   0.331723  -0.031436 348.635919  16.659741   0.982954  -0.036227 100.391069   5.484456  -0.013060   0.218719     -56.
C/1975 X1   2B  215.466100 281.494300  -0.068976  -0.578839 197.200974  27.493742   0.811832  -0.172671  55.508710 221.601102   0.192623   0.863968    -734.
C/1976 D1   2A  313.006600 160.789600   0.684114  -0.533374   9.182471 230.666054   0.139001   0.158030 171.907612 231.953250   0.308981   0.847810   10036.
C/1976 D2   1A  193.426600  22.787000  -0.375026  -0.215252 126.025727  86.900439  -0.506768   0.697212 315.014980 301.771055  -0.707018   6.880674      59.
C/1976 J1   2A  193.264300  81.411000   0.779269  -0.143790 186.328556 181.367988  -0.151167  -0.108963 351.252924   0.407497   0.214109   1.568877      45.
C/1976 U1   1B  118.789900 286.037200   0.058747   0.874878  89.637166  40.459887   0.858756   0.512374  90.216485 130.037378   0.003325   5.857415      37.
C/1977 D1   1B  146.275000 338.170700   0.430092   0.501233  77.494232 110.456138   0.496422   0.847485 110.739401 176.381152   0.318608   5.715207     142.
C/1977 R1   1B  163.486600 182.522600   0.659847   0.213578 231.968564 240.044373   0.364485  -0.733488  32.428227  85.029552   0.841622   0.990575     231.
C/1977 V1   1B  318.165800   5.285000  -0.980097  -0.132409 228.849659  19.597110  -0.505164  -0.649844 318.346030 169.566870   0.738095   3.603039     251.
C/1978 A1   1A  343.284400 211.623600  -0.452902  -0.256432  31.590760 316.261456   0.188257   0.514482 167.317930 322.865438   0.860812   5.606362      33.
C/1978 G2   1B  229.509400  72.216000  -0.892451  -0.343101  75.830105  19.700775  -0.817817   0.557969 260.226231 306.857499   0.157209   6.282837     -23.
C/1978 H1   1A  231.401900 349.344900   0.722226  -0.540558 156.798506 136.148569   0.462996   0.349196  29.610429 304.923789  -0.568962   1.136524      24.
C/1978 R3   1B  224.754000 290.678000  -0.651256  -0.534285 205.476178  23.154671   0.289432  -0.411725  18.517881 211.006480   0.711564   1.771588      15.
C/1978 T1   2B  207.760300  41.773300   0.377353  -0.431339 164.547501 139.417973  -0.354777   0.249108 338.510853 325.019153  -0.448969   0.369901    5245.
C/1979 M1   2A   47.651300 164.216400  -0.722114   0.511262 125.480037 315.169301  -0.515385   0.697837 313.982362 171.039101  -0.694201   0.413217      33.
C/1979 M3   1A   10.101000 293.136500  -0.038008   0.175257 336.480206  45.990915   0.774297  -0.252538 126.847462  27.367511  -0.293070   4.686916      42.
C/1979 S1   2A  112.572700 297.630700   0.389381   0.850516  43.877475  87.871425   0.897165   0.306147 109.538688 128.655175   0.194945   1.432081   18580.
C/1979 Y1   2B  257.584900 103.219000  -0.853567  -0.508800  53.203585 352.020246  -0.863154   0.404341 250.689679 302.932037   0.244583   0.545164   23272.
C/1980 E1   1A  135.085000 114.556300   0.999579   0.020474 159.931900 187.176274   0.474186   0.302106  29.830052 357.348555  -0.499665   3.363949      27.
C/1980 L1   2A  334.964100 279.522800   0.289862  -0.405018 301.010327  44.401747   0.961383  -0.235878  98.389690 346.417478  -0.066889   2.583897     757.
C/1980 R1   2A  297.192700 232.789000  -0.625335  -0.694107 329.272906 337.838621   0.233184  -0.496864 164.413173 329.947486  -0.830671   2.112441     -26.
C/1980 V1   1B   87.967500  25.436700  -0.190573   0.981056  26.025687  99.585612  -0.469709   0.387359 210.629557  86.668045   0.614584   1.519550    3973.
C/1980 Y1   1A  358.294100 115.351500  -0.749938  -0.019693 122.184920 327.109296  -0.888567   0.388253 285.376093 201.799604  -0.189742   0.259823     964.
C/1980 Y2   1A  105.600800 331.998000   0.127967   0.955240  45.435575  88.918619   0.458574   0.633134 143.669608 113.885312   0.789618   1.657271     581.
C/1981 G1   1A  310.240900 176.705300  -0.427524  -0.690058  13.721515 297.581516  -0.248308   0.229774 194.781518 294.111941   0.432451   4.742518     142.
C/1981 H1   1B  189.844300  24.264400  -0.943593  -0.056610  86.908904  28.205983  -0.590279   0.806025 265.782647 303.433189   0.070168   2.458143     703.
C/1981 M1   2A  181.614700 143.969600  -0.294819  -0.026926 246.810951 274.971988  -0.626249  -0.716638 296.114268  39.345383   0.440001   2.333601     900.
C/1982 M1   1B   33.822800 326.262600   0.095929   0.554059 335.541043  83.757911   0.518782  -0.353967 146.310377  70.480496  -0.550904   0.647811    1666.
C/1983 H1   2A  192.849400  49.102300   0.288139  -0.212957 152.820895 141.150706  -0.491208   0.397869 327.628235 335.306623  -0.616589   0.991341   10466.
C/1983 J1   2B   82.172700  83.041600  -0.115327   0.984073  68.647315 170.841267  -0.914041   0.377778 260.821536 103.998082   0.111588   0.471081     378.
C/1983 N1   1B  265.581000 171.791500  -0.752833  -0.656255 339.888447 319.457749  -0.449086  -0.307225 208.158257 328.796157  -0.515529   2.417999     448.
C/1983 O1   1A  186.213600 209.578700  -0.703377  -0.076935 234.804603 328.461114  -0.038891  -0.816573 356.136883 145.305005   0.940579   3.317899      48.
C/1983 O2   1B  333.978600 201.257400  -0.511101  -0.377078  27.595723 313.477996   0.024538   0.463090 178.413556 314.212810   0.820570   2.254776     -18.
C/1983 R1   1A  176.038600 164.684000  -0.738422   0.046586 254.369968 316.807843  -0.514936  -0.825529 294.157113  75.323522   0.381326   3.344888     557.
C/1984 K1   1A  235.467700  49.686400  -0.448773  -0.736191 160.090249  91.636184  -0.820275   0.194778 303.249389 288.182511  -0.209497   2.696508     465.
C/1984 N1   1B  353.128600 171.577400  -0.961996  -0.032670  81.574573 348.035133  -0.510174   0.850789 256.124963 274.224925   0.214432   0.291284     510.
C/1984 U1   1A  182.830800 238.300900  -0.999905  -0.000679 213.619787   5.906931  -0.486885  -0.483620 326.202255 167.968720   0.703533   5.489159    1547.
C/1984 U2   1B  229.213800 223.475000   0.970795  -0.181648 356.121082 199.144838   0.627644  -0.052664 141.059284 196.708004  -0.081810   1.214510   24274.
C/1984 V1   1B   82.737200 331.167200   0.411269   0.904201  13.156594 106.463430   0.577606   0.185804 143.995966 114.152704   0.295387   0.917954    1299.
C/1984 W2   1A  255.266200 250.208300   0.011741  -0.967051 285.495377 330.906390   0.825626  -0.543710 100.346686 259.467968  -0.163914   4.000234      20.
C/1985 T1   1A   53.000100  53.012700  -0.755501   0.523224 301.482106  50.995116  -0.833693  -0.470941 250.918485 104.696786  -0.271631   1.317140   13106.
C/1986 E1   1B  123.570600 294.842300  -0.938547   0.287581 101.157265  15.095523  -0.196355   0.962001 314.017762 239.968126  -0.365052   3.593864   15577.
C/1986 N1   1A  157.754800 134.617800  -0.421500   0.343299 230.328143 280.683649  -0.763003  -0.497539 298.405672  58.070811   0.410620   2.642107     693.
C/1986 V1   1A   70.232900  74.804600  -0.943107   0.312897 269.363165  13.585956  -0.748151  -0.663487 270.564774 104.437141   0.009786   1.721155     373.
C/1987 A1   2A   95.245100  17.116700  -0.114642   0.989247  34.538046  99.487555  -0.320460   0.537053 202.327208  87.049557   0.838133   0.921485    -121.
C/1987 B1   2A  200.401700 176.012100  -0.990819  -0.047130 289.235747 357.409295  -0.499355  -0.818027 240.247025  52.464452  -0.466995   0.869579    5034.
C/1987 F1   1A  329.089200 194.487700  -0.560350  -0.425478  26.322752 312.983520  -0.090532   0.441606 185.791249 310.419037   0.788382   3.624588      59.
C/1987 H1   1A   16.996000 268.325700  -0.675259   0.215598  17.900283   5.602924   0.304166   0.292798 161.451478  11.213925   0.530846   5.457548      46.
C/1987 P1   1A   73.899400 268.093000   0.828176   0.538485 251.483068 187.932192   0.897917  -0.417377  81.151108  77.476628   0.116690   0.868956    6380.
C/1987 Q1   1B  143.833600 298.569600  -0.420642   0.535384 114.979082  36.675957   0.477669   0.796363  52.164180 170.959112  -0.590896   0.602603     526.
C/1987 U3   1B   17.419700 261.341500  -0.124033   0.297057  28.769331 353.365231   0.790968   0.294478 124.140067  16.839916   0.315876   0.841288    1491.
C/1987 W2   1A  233.627100 250.753800  -0.466130  -0.712351 252.176591 347.443827   0.495952  -0.826673  61.812446 224.489292   0.439440   1.679526     258.
C/1987 W3   1A  194.736400 198.345600   0.229780  -0.247566 257.685853 273.781059   0.389538  -0.899821  63.240359 154.515129   0.353495   3.332819      29.
C/1988 A1   1B   57.387600  31.515400   0.286986   0.806903   7.057375 128.179453  -0.300193   0.117197 197.594339 126.051080   0.221889   0.841333    4881.
C/1988 B1   1A  124.219200 325.159800   0.163570   0.815755  63.993971  87.086559   0.561940   0.743425 122.839161 136.122813   0.539264   5.030826      13.
C/1988 F1   2A  326.514900 288.765100   0.456983  -0.490741 249.821228  92.416824   0.954928  -0.278618  83.879714 341.367407   0.057058   1.174176    1725.
C/1988 J1   2A  326.515000 288.764900   0.456995  -0.490737 249.818864  92.419308   0.954930  -0.278608  83.879166 341.367482   0.057061   1.174466    1735.
C/1988 L1   1A  232.142700 115.256100  -0.133863  -0.782436 276.491737 239.348628  -0.839792  -0.539428 265.819629 321.632199  -0.066221   2.474368     137.
C/1989 A1   1B  351.559000 157.089000   0.610001  -0.116317  45.065354 233.610428   0.043158   0.707253 176.500106 236.087279   0.998135   1.894583    1374.
C/1989 A5   2B   19.109000 137.138600  -0.114153   0.325226  75.496096 258.838406  -0.635545   0.747459 253.077967 190.986547   0.289058   2.639507    2403.
C/1989 T1   1B   68.126300   8.518600   0.694195   0.667968   6.060399 139.240311   0.245270   0.102352 165.725646 140.731978   0.197342   1.047322    9529.
C/1989 W1   2A  205.259200 345.915300   0.028143  -0.426545 145.462248  91.038177   0.215038   0.553686  14.965320 262.619486  -0.890860   0.300688     547.
C/1989 X1   1A   61.576300  75.925500   0.515690   0.753492  48.440787 173.403823  -0.466797   0.661744 218.507692 145.636119   0.776467   0.349775      32.
C/1989 Y1   1A  137.832900 280.009300   0.509552   0.577609  45.458622 104.139094   0.986939   0.114821  96.531503 149.221089   0.025949   1.569172      49.
C/1990 M1   1B   18.171900 233.206000  -0.679111   0.228923  49.475377 340.296250   0.176900   0.748139 164.538006 351.988166   0.956910   2.682238      40.
C/1990 N1   2A  180.918900 330.737800  -0.806794  -0.009475 130.442887  38.057001  -0.155855   0.751753 346.329251 228.419123  -0.963391   1.092424    4692.
C/1991 A2   2B  337.638800 115.522600   0.325926  -0.359670   5.534710 217.020967  -0.573945   0.078981 215.151725 213.837709   0.128752   1.434161    7014.
C/1991 B1   1A   74.365000 145.129500   0.220049   0.939394 124.835871 246.501063  -0.366212   0.763772 325.434792  94.254726  -0.811959   2.265035    3023.
C/1991 C3   1B  320.886500 161.709600  -0.397635  -0.578840  27.842802 289.689028  -0.438526   0.419744 208.891248 276.647732   0.667121   4.777087     167.
C/1991 F2   1A  271.159200  11.834900  -0.095090  -0.995265 210.545726  97.830415  -0.234461  -0.494059 344.355228 269.952978   0.827270   1.517721      16.
C/1991 L4   1B   30.791300 253.653500   0.652162   0.388070 156.428134 231.613220   0.957551   0.115277  74.574541  28.938834  -0.060915   4.849913     304.
C/1991 Q1   1B  257.231000 120.463800  -0.008835  -0.975231 299.682383 237.438606  -0.746959  -0.577628 246.213525 290.092434  -0.380354   3.193954    1699.
C/1991 R1   1A  149.239800 150.117600  -0.250525   0.495136 212.883740 275.189209  -0.534360  -0.458921 323.027358  76.130305   0.651506   6.986340     283.
C/1991 T2   1A  145.240200  49.050600  -0.398715   0.522858  74.135068  96.558776  -0.805375   0.570187 258.623738  25.995396   0.184792   0.836250     936.
C/1991 X2   2B  306.990200 288.784800  -0.096999  -0.794972 280.260199  37.432250   0.765984  -0.632580  98.502079 320.728173  -0.144868   0.198771      57.
C/1991 Y1   1B  197.873000 254.907400   0.642404  -0.235204 324.211512 231.727736   0.963398  -0.156769 102.719575 196.946580  -0.068181   0.643969     -94.
C/1992 A1   2A  239.843100 288.903200   0.774240  -0.547232 102.264651 156.895982   0.902284   0.421302  84.204036 260.442194  -0.077171   3.016578      97.
C/1992 F1   1B   65.474600 300.508200   0.185797   0.893936  13.437260  69.604035   0.821694   0.132440 124.004182  80.711082   0.146830   1.261498    3422.
C/1992 J1   1A   83.401100 203.324000  -0.563796   0.820443 135.836386 317.387663   0.011242   0.696666   0.897932 136.762078  -0.999448   3.007006      28.
C/1992 Q2   1A  268.853500 194.667200  -0.289835  -0.956885 325.901207 298.613049   0.075713  -0.559012 174.760882 295.678696  -0.923148   2.038458   17279.
C/1992 U1   1A   54.864600  55.299400   0.406961   0.747010  21.839966 151.358990  -0.454593   0.331354 208.803828 141.033404   0.547907   2.313654     423.
C/1992 W1   2B  310.066500 138.375300  -0.424566  -0.692898  22.401828 282.498316  -0.725873   0.262131 228.779143 265.840585   0.333390   0.664134   12530.
C/1993 F1   1A   61.994000  77.515600   0.588631   0.713737  50.860720 176.007457  -0.393949   0.712892 214.177760 150.176937   0.827187   5.900474      59.
C/1993 K1   1A  232.444900  30.328600   0.378374  -0.733828 182.685036 131.847283  -0.225666  -0.045637 346.944139 311.240942   0.088822   4.849268      33.
C/1993 Q1   1A  261.033000 193.789000  -0.259257  -0.954004 318.477752 296.617704   0.080508  -0.660759 173.842687 292.540366  -0.986207   0.967275       3.
C/1994 E1   2B   98.922300   5.173000  -0.820576   0.564622  22.691738  46.146978  -0.458536   0.342827 209.216853  35.293263   0.562159   1.751290   18492.
C/1994 E2   1B   57.496400 166.568500  -0.659407   0.634024 131.195357 310.106249  -0.471788   0.663460 320.908990 158.431221  -0.770571   1.158820    2681.
C/1994 G1-A 1A   61.630100 306.829800  -0.680373   0.644848  29.233153  33.278718   0.166151   0.481577 169.071563  38.591086   0.828803   1.359230     915.
C/1994 J2   1A  192.122300  51.128500  -0.718868  -0.145980  87.033000  57.045250  -0.831445   0.554863 268.018997 330.612315   0.031914   1.947758    2134.
C/1994 N1   2A  123.073000 158.912100  -0.076352   0.835530 182.909623 269.864413  -0.339610  -0.047744 340.123287  88.875525   0.089697   1.140150    1324.
C/1994 T1   1B  142.784900 249.943600  -0.203435   0.592162 166.564131 339.307025   0.700269   0.165875  45.243593 149.809898  -0.230347   1.845402     663.
C/1995 O1   1A  130.594700 282.471600   0.010044   0.759293 108.593203  31.950207   0.849850   0.499516  78.815248 143.545865  -0.167877   0.913959    3865.
C/1995 Q1   1B  331.161700 178.054200  -0.842398  -0.259911  44.976982 329.756951  -0.429118   0.638436 213.885279 306.548584   0.815857   0.436390    4450.
