   .100D+00     .0017  253.0142    1.7852  143.1524
   .105D+00     .0019  252.8950   14.1369  196.6432
   .110D+00     .0022  252.8666    1.8477   79.0677
   .115D+00     .0025  252.8294    1.5993   96.0919
   .120D+00     .0028  252.7884    1.5497  102.9985
   .125D+00     .0032  252.7441    1.5299  107.0177
   .130D+00     .0037  252.6965    1.5187  109.8929
   .135D+00     .0042  252.6454    1.5109  112.2370
   .140D+00     .0047  252.5903    1.5047  114.3225
   .145D+00     .0054  252.5308    1.4997  116.2923
   .150D+00     .0061  252.4663    1.4954  118.2320
   .155D+00     .0068  252.3963    1.4920  120.1995
   .160D+00     .0077  252.3200    1.4893  122.2379
   .165D+00     .0087  252.2366    1.4877  124.3832
   .170D+00     .0098  252.1452    1.4872  126.6676
   .175D+00     .0110  252.0448    1.4883  129.1220
   .180D+00     .0125  251.9343    1.4912  131.7776
   .185D+00     .0141  251.8126    1.4963  134.6675
   .190D+00     .0159  251.6788    1.5042  137.8276
   .195D+00     .0181  251.5327    1.5153  141.2993
   .200D+00     .0205  251.3757    1.5300  145.1342
   .205D+00     .0234  251.2130    1.5481  149.4041
   .210D+00     .0268  251.0605    1.5686  154.2255
   .215D+00     .0309  250.9640    1.5878  159.8250
   .220D+00     .0361  251.0773    1.5956  166.7417
   .225D+00     .0432  252.1512    1.5650  176.6408
   .230D+00     .0951  273.5404    1.4353  197.4964
   .235D+00     .0523  241.5714    2.4788  276.8272
   .240D+00     .0656  242.8503    7.9531  149.3208
   .245D+00     .0824  241.6199    4.7972  164.4114
   .250D+00     .1078  238.9092    4.6936  172.8749
   .255D+00     .1564  233.9529    5.1220  179.1067
   .260D+00     .3294  224.0729    5.9156  184.1878
   .265D+00     .5224   20.6154    7.1517  188.4857
   .270D+00     .1399  331.9522    9.0798  192.1428
   .275D+00     .1604  296.0056   12.2940  195.2051
   .280D+00     .2408  281.4279   18.4455  197.6539
   .285D+00     .4029  274.7538   34.2509  199.3904
   .290D+00     .8722  271.2830  152.0340  200.1571
   .295D+00   22.9523  269.5174   75.3444   19.2719
   .300D+00    1.1219   89.0743   34.4027   14.4982
   .305D+00     .5857   90.5419   32.4707  354.3769
   .310D+00     .4046   99.2118   22.0874   96.0248
   .315D+00     .7912   39.5450   12.7776   61.6037
   .320D+00     .3367   70.5281   10.9496   53.6102
   .325D+00     .2867   74.6047    9.8734   50.8030
   .330D+00     .2593   76.0024    9.1344   49.6827
   .335D+00     .2414   76.6412    8.6116   49.3114
   .340D+00     .2288   76.9994    8.2620   49.4466
   .345D+00     .2197   77.6277    8.1907   50.8493
   .350D+00     .2163   77.5379    6.3879   41.7743
   .355D+00     .2109   77.3462    7.1451   46.9265
   .360D+00     .2079   77.3244    7.1288   47.8560
   .365D+00     .2062   77.3330    7.0790   48.0548
   .410D+00     .1988   77.3641    6.9146   48.5005
   .415D+00     .1944   77.3795    6.8578   48.7708
   .420D+00     .1885   77.3738    6.7709   47.1535
   .425D+00     .1811   77.5589    7.0044   51.4414
   .430D+00     .1644   73.9837   22.0462  262.0253
   .435D+00     .1660   74.2144    4.9680   37.2352
   .440D+00     .1546   77.5650    5.0117   42.2771
   .445D+00     .1427   78.2737    4.7840   42.9887
   .450D+00     .1306   78.9010    4.4780   42.8025
   .455D+00     .1185   79.6083    4.1400   42.1425
   .460D+00     .1069   80.4273    3.7908   41.1004
   .465D+00     .0959   81.3589    3.4424   39.6719
   .470D+00     .0858   82.3883    3.1021   37.7962
   .475D+00     .0766   83.4900    2.7746   35.3515
   .480D+00     .0685   84.6289    2.4629   32.1285
   .485D+00     .0613   85.7592    2.1696   27.7805
   .490D+00     .0551   86.8211    1.8994   21.7426
   .495D+00     .0498   87.7332    1.6626   13.1326
   .500D+00     .0454   88.3785    1.4834     .7884
   .505D+00     .0417   88.5746    1.4102  344.0306
   .510D+00     .0387   88.0096    1.5156  324.6180
   .515D+00     .0365   86.0820    1.8722  306.8518
   .520D+00     .0350   81.4413    2.5528  293.5526
   .525D+00     .0350   70.4313    3.7120  284.6846
   .530D+00     .0430   42.4572    5.8095  279.4407
   .535D+00     .1705  354.6570   10.8149  278.3201
   .540D+00     .7135  145.7239   74.2421  122.6440
   .545D+00     .1892  312.6773   49.2120  252.2545
   .550D+00     .0376  303.9377   34.4753   77.5872
   .555D+00     .0114  291.1929   15.5269   78.2818
   .560D+00     .0031  207.6360   10.7245   78.2658
   .565D+00     .0237  138.0436    8.5103   78.1464
   .570D+00     .0065  297.1331    7.2447   78.1507
   .575D+00     .0014  213.0190    6.4797   78.7739
   .580D+00     .0027  157.4081    5.0165   65.6647
   .585D+00     .0038  147.2741    5.2090   75.6177
   .590D+00     .0045  143.1540    4.9199   76.0962
   .595D+00     .0050  140.8488    4.6716   76.2276
   .600D+00     .0053  139.3306    4.4665   76.2800
   .605D+00     .0056  138.2225    4.2965   76.3087
   .610D+00     .0058  137.3536    4.1545   76.3303
   .615D+00     .0059  136.6358    4.0350   76.3506
   .620D+00     .0061  136.0201    3.9337   76.3715
   .625D+00     .0061  135.4778    3.8474   76.3933
   .630D+00     .0062  134.9914    3.7736   76.4158
   .635D+00     .0063  134.5504    3.7104   76.4384
   .640D+00     .0063  134.1481    3.6561   76.4608
   .645D+00     .0064  133.7804    3.6096   76.4824
   .650D+00     .0064  133.4448    3.5697   76.5029
   .655D+00     .0065  133.1399    3.5356   76.5219
   .660D+00     .0065  132.8645    3.5067   76.5392
   .665D+00     .0065  132.6182    3.4822   76.5546
   .670D+00     .0066  132.4004    3.4618   76.5682
   .675D+00     .0066  132.2104    3.4448   76.5798
   .680D+00     .0066  132.0478    3.4311   76.5896
   .685D+00     .0067  131.9118    3.4201   76.5975
   .690D+00     .0067  131.8011    3.4115   76.6037
   .695D+00     .0067  131.7145    3.4051   76.6084
   .700D+00     .0067  131.6501    3.4005   76.6117
   .745D+00     .0067  131.4494    3.3885   76.6192
   .750D+00     .0067  131.3450    3.3831   76.6218
   .755D+00     .0067  131.1852    3.3747   76.6254
   .760D+00     .0067  130.9553    3.3629   76.6300
   .765D+00     .0067  130.6400    3.3466   76.6358
   .770D+00     .0068  130.2236    3.3251   76.6425
   .775D+00     .0068  129.6911    3.2973   76.6501
   .780D+00     .0068  129.0295    3.2623   76.6583
   .785D+00     .0069  128.2291    3.2190   76.6668
   .790D+00     .0070  127.2852    3.1664   76.6752
   .795D+00     .0071  126.1996    3.1035   76.6833
   .800D+00     .0073  124.9824    3.0293   76.6905
   .805D+00     .0075  123.6516    2.9432   76.6964
   .810D+00     .0077  122.2334    2.8448   76.7005
   .815D+00     .0080  120.7597    2.7338   76.7026
   .820D+00     .0083  119.2654    2.6106   76.7022
   .825D+00     .0087  117.7852    2.4759   76.6991
   .830D+00     .0091  116.3503    2.3309   76.6930
   .835D+00     .0095  114.9855    2.1774   76.6837
   .840D+00     .0100  113.7082    2.0173   76.6709
   .845D+00     .0105  112.5287    1.8531   76.6541
   .850D+00     .0110  111.4503    1.6875   76.6328
   .855D+00     .0115  110.4714    1.5231   76.6063
   .860D+00     .0120  109.5868    1.3625   76.5741
   .865D+00     .0125  108.7894    1.2079   76.5352
   .870D+00     .0130  108.0714    1.0614   76.4890
   .875D+00     .0134  107.4249     .9244   76.4348
   .880D+00     .0139  106.8427     .7980   76.3720
   .885D+00     .0142  106.3183     .6829   76.3004
   .890D+00     .0146  105.8462     .5793   76.2199
   .895D+00     .0149  105.4216     .4871   76.1306
   .900D+00     .0151  105.0406     .4059   76.0329
   .905D+00     .0154  104.6995     .3351   75.9271
   .910D+00     .0156  104.3955     .2740   75.8141
   .915D+00     .0158  104.1257     .2217   75.6946
   .920D+00     .0159  103.8876     .1774   75.5693
   .925D+00     .0160  103.6790     .1403   75.4393
   .930D+00     .0161  103.4976     .1094   75.3054
   .935D+00     .0162  103.3414     .0840   75.1685
   .940D+00     .0163  103.2082     .0634   75.0296
   .945D+00     .0164  103.0962     .0469   74.8896
   .950D+00     .0165  103.0032     .0338   74.7493
   .955D+00     .0165  102.9275     .0237   74.6097
   .960D+00     .0166  102.8672     .0160   74.4715
   .965D+00     .0166  102.8204     .0103   74.3355
   .970D+00     .0166  102.7853     .0062   74.2025
   .975D+00     .0166  102.7603     .0035   74.0733
   .980D+00     .0167  102.7435     .0017   73.9486
   .103D+01     .0167  102.6908     .0025  253.1400
   .103D+01     .0166  102.6650     .0043  253.0975
   .103D+01     .0166  102.6289     .0066  253.0669
   .104D+01     .0166  102.5805     .0096  253.0489
   .104D+01     .0166  102.5181     .0134  253.0442
   .105D+01     .0166  102.4397     .0179  253.0536
   .105D+01     .0165  102.3434     .0233  253.0778
   .106D+01     .0165  102.2271     .0297  253.1176
   .106D+01     .0165  102.0886     .0370  253.1737
   .107D+01     .0164  101.9258     .0453  253.2469
   .107D+01     .0164  101.7363     .0548  253.3381
   .108D+01     .0164  101.5177     .0653  253.4481
   .108D+01     .0163  101.2672     .0771  253.5780
   .109D+01     .0163  100.9822     .0901  253.7286
   .109D+01     .0162  100.6595     .1045  253.9010
   .110D+01     .0162  100.2958     .1203  254.0964
   .110D+01     .0162   99.8875     .1375  254.3160
   .111D+01     .0161   99.4305     .1563  254.5612
   .111D+01     .0160   98.9203     .1767  254.8337
   .112D+01     .0160   98.3520     .1988  255.1352
   .112D+01     .0159   97.7197     .2228  255.4680
   .113D+01     .0158   97.0170     .2488  255.8344
   .114D+01     .0157   96.2362     .2769  256.2378
   .114D+01     .0156   95.3689     .3072  256.6819
   .115D+01     .0155   94.4046     .3400  257.1716
   .115D+01     .0154   93.3314     .3755  257.7135
   .116D+01     .0153   92.1352     .4139  258.3158
   .116D+01     .0152   90.7990     .4557  258.9904
   .117D+01     .0150   89.3022     .5012  259.7534
   .117D+01     .0149   87.6202     .5512  260.6289
   .118D+01     .0147   85.7228     .6067  261.6528
   .118D+01     .0145   83.5729     .6691  262.8830
   .119D+01     .0144   81.1245     .7415  264.4171
   .119D+01     .0142   78.3204     .8294  266.4353
   .120D+01     .0140   75.0888     .9462  269.3073
   .120D+01     .0138   71.3390    1.1344  273.9235
   .121D+01     .0136   66.9560    1.6233  283.0225
   .121D+01     .0135   61.7928   29.5261  128.6806
   .122D+01     .0135   55.6604     .8077  197.3359
   .122D+01     .0136   48.3136     .8381  232.8405
   .123D+01     .0140   39.4263     .9616  244.2717
   .123D+01     .0149   28.5452    1.0755  249.7371
   .124D+01     .0168   14.9927    1.1824  253.0839
   .124D+01     .0218  357.6861    1.2859  255.4657
   .125D+01     .0419  335.0223    1.3879  257.3389
   .125D+01     .1426  126.0003    1.4890  258.9199
   .126D+01     .0275   94.1298    1.5893  260.3261
   .126D+01     .0194   66.6423    1.6880  261.6284
   .127D+01     .0185   46.2127    1.7838  262.8744
   .127D+01     .0195   31.3588    1.8752  264.1000
   .128D+01     .0216   20.2611    1.9600  265.3355
   .128D+01     .0242   11.7031    2.0355  266.6098
   .128D+01     .0273    4.9324    2.0988  267.9533
   .129D+01     .0308  359.4714    2.1466  269.4008
   .129D+01     .0347  355.0019    2.1755  270.9936
   .130D+01     .0389  351.3030    2.1825  272.7832
   .130D+01     .0434  348.2156    2.1651  274.8340
   .131D+01     .0481  345.6215    2.1218  277.2280
   .131D+01     .0531  343.4311    2.0530  280.0684
   .132D+01     .0582  341.5745    1.9608  283.4840
   .132D+01     .0633  339.9963    1.8500  287.6304
   .133D+01     .0684  338.6518    1.7276  292.6829
   .133D+01     .0734  337.5040    1.6031  298.8127
   .134D+01     .0782  336.5215    1.4875  306.1322
   .134D+01     .0828  335.6772    1.3918  314.6050
   .135D+01     .0872  334.9470    1.3249  323.9515
   .135D+01     .0913  334.3080    1.2914  333.6363
   .136D+01     .0951  333.7378    1.2902  343.0094
   .136D+01     .0988  333.2119    1.3154  351.5301
   .137D+01     .1023  332.7007    1.3586  358.9084
   .138D+01     .1061  332.1625    1.4121    5.0913
   .138D+01     .1103  331.5287    1.4693   10.1686
   .139D+01     .1162  330.6616    1.5258   14.2809
   .139D+01     .1266  329.2126    1.5791   17.5616
   .140D+01     .1581  325.8953    1.6277   20.1053
   .140D+01     .5520  128.8752    1.6715   21.9454
   .141D+01     .0556  353.5552    1.7114   23.0173
   .141D+01     .0760  341.3243    1.7501   23.0623
   .142D+01     .0836  338.5280    1.7963   21.3043
   .142D+01     .0875  337.3333    1.8924   14.9958
   .143D+01     .0897  336.6986    2.6779  348.6615
   .143D+01     .0911  336.3258    2.7772   87.3270
   .144D+01     .0919  336.0968    1.9519   60.4358
   .144D+01     .0925  335.9547    1.8775   53.5131
   .145D+01     .0928  335.8686    1.8602   50.8667
   .145D+01     .0931  335.8199    1.8551   49.6917
   .146D+01     .0932  335.7967    1.8536   49.1598
   .146D+01     .0933  335.7908    1.8531   48.9455
   .147D+01     .0933  335.7964    1.8530   48.8970
   .147D+01     .0934  335.8092    1.8528   48.9352
   .148D+01     .0934  335.8262    1.8525   49.0153
   .148D+01     .0934  335.8447    1.8521   49.1113
   .149D+01     .0934  335.8631    1.8517   49.2072
   .149D+01     .0934  335.8800    1.8512   49.2938
   .150D+01     .0934  335.8944    1.8508   49.3659
   .150D+01     .0934  335.9058    1.8504   49.4213
   .154D+01     .0933  335.9391    1.8491   49.5611
   .155D+01     .0932  335.9528    1.8484   49.6111
   .155D+01     .0931  335.9720    1.8474   49.6796
   .156D+01     .0929  335.9972    1.8459   49.7656
   .156D+01     .0927  336.0284    1.8439   49.8657
   .157D+01     .0925  336.0654    1.8412   49.9728
   .157D+01     .0922  336.1074    1.8376   50.0746
   .158D+01     .0918  336.1532    1.8329   50.1512
   .158D+01     .0914  336.2011    1.8267   50.1709
   .159D+01     .0909  336.2485    1.8185   50.0835
   .159D+01     .0905  336.2921    1.8078   49.8063
   .160D+01     .0899  336.3273    1.7934   49.1977
   .160D+01     .0894  336.3478    1.7743   47.9974
   .161D+01     .0889  336.3455    1.7491   45.6773
   .161D+01     .0884  336.3099    1.7193   41.0082
   .162D+01     .0881  336.2273    1.7111   30.5424
   .162D+01     .0879  336.0805    2.0243    3.4334
   .163D+01     .0879  335.8479   14.7704  313.7536
   .164D+01     .0883  335.5035    4.2461  104.5965
   .164D+01     .0892  335.0165    2.9099   93.5906
   .165D+01     .0908  334.3524    2.5644   89.0013
   .165D+01     .0934  333.4753    2.4172   87.0414
   .166D+01     .0973  332.3516    2.3408   86.3775
   .166D+01     .1031  330.9568    2.2977   86.4401
   .167D+01     .1117  329.2838    2.2732   86.9459
   .167D+01     .1244  327.3522    2.2603   87.7369
   .168D+01     .1432  325.2148    2.2555   88.7166
   .168D+01     .1717  322.9577    2.2568   89.8218
   .169D+01     .2167  320.6905    2.2629   91.0084
   .169D+01     .2919  318.5289    2.2730   92.2445
   .170D+01     .4309  316.5751    2.2867   93.5059
   .170D+01     .7407  314.9015    2.3036   94.7741
   .171D+01    1.8357  313.5458    2.3234   96.0347
   .171D+01   11.9423  132.5130    2.3460   97.2765
   .172D+01    1.8553  131.7842    2.3712   98.4908
   .172D+01    1.1981  131.3261    2.3989   99.6710
   .173D+01    1.0106  131.0992    2.4289  100.8122
   .173D+01     .9765  131.0635    2.4613  101.9110
   .174D+01    1.0440  131.1825    2.4960  102.9654
   .174D+01    1.2366  131.4241    2.5329  103.9742
   .175D+01    1.6893  131.7615    2.5721  104.9372
   .175D+01    3.1194  132.1731    2.6134  105.8548
   .176D+01  193.6676  132.6414    2.6570  106.7281
   .176D+01    2.8933  313.1529    2.7028  107.5585
   .177D+01    1.3797  313.6970    2.7509  108.3477
   .177D+01     .8875  314.2655    2.8015  109.0979
   .178D+01     .6464  314.8521    2.8545  109.8111
   .178D+01     .5045  315.4522    2.9102  110.4897
   .179D+01     .4117  316.0620    2.9687  111.1361
   .179D+01     .3466  316.6790    3.0302  111.7524
   .180D+01     .2986  317.3009    3.0950  112.3412
   .180D+01     .2619  317.9263    3.1632  112.9046
   .180D+01     .2330  318.5540    3.2353  113.4448
   .181D+01     .2096  319.1830    3.3116  113.9641
   .181D+01     .1905  319.8126    3.3925  114.4643
   .182D+01     .1745  320.4423    3.4784  114.9475
   .182D+01     .1609  321.0716    3.5701  115.4155
   .183D+01     .1493  321.7002    3.6682  115.8701
   .183D+01     .1393  322.3277    3.7733  116.3130
   .184D+01     .1305  322.9538    3.8866  116.7458
   .184D+01     .1228  323.5782    4.0089  117.1699
   .185D+01     .1160  324.2008    4.1417  117.5868
   .185D+01     .1100  324.8213    4.2863  117.9980
   .186D+01     .1045  325.4395    4.4447  118.4046
   .186D+01     .0996  326.0550    4.6191  118.8080
   .187D+01     .0952  326.6678    4.8121  119.2094
   .188D+01     .0912  327.2775    5.0271  119.6098
   .188D+01     .0876  327.8840    5.2683  120.0105
   .189D+01     .0842  328.4870    5.5410  120.4126
   .189D+01     .0812  329.0862    5.8520  120.8170
   .190D+01     .0783  329.6816    6.2102  121.2248
   .190D+01     .0757  330.2729    6.6275  121.6371
   .191D+01     .0734  330.8598    7.1201  122.0549
   .191D+01     .0711  331.4422    7.7108  122.4792
   .192D+01     .0691  332.0198    8.4324  122.9111
   .192D+01     .0672  332.5925    9.3344  123.3515
   .193D+01     .0654  333.1602   10.4944  123.8015
   .193D+01     .0637  333.7226   12.0424  124.2623
   .194D+01     .0622  334.2795   14.2127  124.7348
   .194D+01     .0607  334.8309   17.4760  125.2202
   .195D+01     .0593  335.3766   22.9370  125.7198
   .195D+01     .0581  335.9165   33.9458  126.2347
   .196D+01     .0569  336.4504   67.6919  126.7662
   .196D+01     .0557  336.9783 2026.4724  307.3156
   .197D+01     .0547  337.5000   61.0659  307.8844
   .197D+01     .0537  338.0154   30.3841  308.4740
   .198D+01     .0527  338.5246   19.9432  309.0860
   .198D+01     .0518  339.0273   14.6822  309.7220
   .199D+01     .0510  339.5237   11.5128  310.3839
   .199D+01     .0502  340.0136    9.3949  311.0735
   .200D+01     .0494  340.4969    7.8799  311.7928
   .200D+01     .0487  340.9737    6.7428  312.5440
   .200D+01     .0480  341.4440    5.8582  313.3293
   .201D+01     .0474  341.9077    5.1506  314.1512
   .202D+01     .0467  342.3649    4.5719  315.0124
   .202D+01     .0462  342.8155    4.0902  315.9156
   .202D+01     .0456  343.2596    3.6831  316.8639
   .203D+01     .0451  343.6971    3.3349  317.8605
   .204D+01     .0446  344.1282    3.0338  318.9087
   .204D+01     .0441  344.5528    2.7711  320.0124
   .204D+01     .0436  344.9709    2.5401  321.1753
   .205D+01     .0432  345.3827    2.3357  322.4017
   .206D+01     .0428  345.7882    2.1537  323.6958
   .206D+01     .0424  346.1874    1.9909  325.0624
   .206D+01     .0420  346.5804    1.8446  326.5061
   .207D+01     .0417  346.9672    1.7128  328.0319
   .208D+01     .0413  347.3479    1.5935  329.6449
   .208D+01     .0410  347.7226    1.4854  331.3501
   .208D+01     .0407  348.0914    1.3872  333.1527
   .209D+01     .0404  348.4542    1.2979  335.0575
   .210D+01     .0401  348.8112    1.2166  337.0691
   .210D+01     .0398  349.1625    1.1426  339.1913
   .210D+01     .0395  349.5082    1.0752  341.4275
   .211D+01     .0393  349.8482    1.0140  343.7799
   .212D+01     .0390  350.1828     .9585  346.2492
   .212D+01     .0388  350.5119     .9082  348.8348
   .212D+01     .0386  350.8356     .8628  351.5338
   .213D+01     .0384  351.1541     .8220  354.3412
   .214D+01     .0381  351.4675     .7855  357.2494
   .214D+01     .0380  351.7757     .7530     .2485
   .215D+01     .0378  352.0789     .7243    3.3255
   .215D+01     .0376  352.3772     .6993    6.4652
   .216D+01     .0374  352.6706     .6775    9.6504
   .216D+01     .0372  352.9592     .6589   12.8620
   .217D+01     .0371  353.2432     .6433   16.0800
   .217D+01     .0369  353.5225     .6303   19.2843
   .218D+01     .0368  353.7973     .6199   22.4552
   .218D+01     .0366  354.0677     .6118   25.5741
   .219D+01     .0365  354.3337     .6057   28.6244
   .219D+01     .0364  354.5954     .6016   31.5916
   .219D+01     .0362  354.8528     .5991   34.4639
   .220D+01     .0361  355.1062     .5982   37.2321
   .221D+01     .0360  355.3554     .5986   39.8894
   .221D+01     .0359  355.6007     .6003   42.4317
   .221D+01     .0358  355.8421     .6029   44.8568
   .222D+01     .0357  356.0796     .6065   47.1646
   .223D+01     .0356  356.3134     .6108   49.3564
   .223D+01     .0355  356.5434     .6158   51.4347
   .223D+01     .0354  356.7698     .6214   53.4031
   .224D+01     .0353  356.9927     .6275   55.2657
   .225D+01     .0352  357.2120     .6340   57.0272
   .225D+01     .0351  357.4279     .6408   58.6925
   .225D+01     .0351  357.6405     .6478   60.2667
   .226D+01     .0350  357.8497     .6551   61.7547
   .227D+01     .0349  358.0557     .6626   63.1617
   .227D+01     .0349  358.2585     .6702   64.4924
   .227D+01     .0348  358.4582     .6779   65.7516
   .228D+01     .0347  358.6549     .6856   66.9437
   .229D+01     .0347  358.8485     .6934   68.0730
   .229D+01     .0346  359.0392     .7012   69.1435
   .229D+01     .0346  359.2270     .7090   70.1589
   .230D+01     .0345  359.4120     .7168   71.1228
   .231D+01     .0345  359.5942     .7245   72.0384
   .231D+01     .0344  359.7737     .7322   72.9090
   .231D+01     .0344  359.9505     .7398   73.7372
   .232D+01     .0343     .1246     .7473   74.5259
   .233D+01     .0343     .2962     .7548   75.2774
   .233D+01     .0342     .4653     .7622   75.9941
   .233D+01     .0342     .6318     .7695   76.6781
   .234D+01     .0342     .7960     .7767   77.3314
   .235D+01     .0341     .9578     .7838   77.9559
   .235D+01     .0341    1.1172     .7909   78.5532
   .235D+01     .0341    1.2743     .7978   79.1251
   .236D+01     .0340    1.4292     .8046   79.6728
   .237D+01     .0340    1.5818     .8113   80.1980
   .237D+01     .0340    1.7323     .8179   80.7017
   .238D+01     .0340    1.8806     .8244   81.1852
   .238D+01     .0339    2.0269     .8309   81.6497
   .239D+01     .0339    2.1711     .8372   82.0962
   .239D+01     .0339    2.3133     .8434   82.5256
   .240D+01     .0339    2.4535     .8495   82.9388
   .240D+01     .0339    2.5917     .8555   83.3368
   .241D+01     .0338    2.7281     .8614   83.7202
   .241D+01     .0338    2.8626     .8672   84.0898
   .242D+01     .0338    2.9952     .8729   84.4464
   .242D+01     .0338    3.1260     .8785   84.7905
   .243D+01     .0338    3.2551     .8841   85.1228
   .243D+01     .0338    3.3824     .8895   85.4439
   .244D+01     .0338    3.5080     .8948   85.7542
   .244D+01     .0338    3.6320     .9001   86.0543
   .244D+01     .0337    3.7543     .9053   86.3447
   .245D+01     .0337    3.8749     .9104   86.6258
   .246D+01     .0337    3.9940     .9153   86.8980
   .246D+01     .0337    4.1115     .9203   87.1618
   .246D+01     .0337    4.2275     .9251   87.4174
   .247D+01     .0337    4.3419     .9298   87.6653
   .248D+01     .0337    4.4549     .9345   87.9058
   .248D+01     .0337    4.5664     .9391   88.1392
   .248D+01     .0337    4.6765     .9436   88.3658
   .249D+01     .0337    4.7852     .9481   88.5858
   .250D+01     .0337    4.8925     .9525   88.7996
   .250D+01     .0337    4.9984     .9568   89.0075
   .250D+01     .0337    5.1030     .9610   89.2095
   .251D+01     .0337    5.2063     .9652   89.4060
   .252D+01     .0337    5.3083     .9693   89.5973
   .252D+01     .0337    5.4090     .9733   89.7834
   .252D+01     .0337    5.5085     .9773   89.9645
   .253D+01     .0337    5.6067     .9812   90.1410
   .254D+01     .0337    5.7038     .9850   90.3129
   .254D+01     .0337    5.7996     .9888   90.4804
   .254D+01     .0338    5.8943     .9925   90.6437
   .255D+01     .0338    5.9879     .9962   90.8029
   .256D+01     .0338    6.0803     .9998   90.9582
   .256D+01     .0338    6.1716    1.0033   91.1097
   .256D+01     .0338    6.2618    1.0068   91.2576
   .257D+01     .0338    6.3509    1.0103   91.4019
   .258D+01     .0338    6.4390    1.0137   91.5428
   .258D+01     .0338    6.5260    1.0170   91.6804
   .258D+01     .0338    6.6120    1.0203   91.8148
   .259D+01     .0338    6.6970    1.0236   91.9462
   .260D+01     .0339    6.7810    1.0268   92.0745
   .260D+01     .0339    6.8640    1.0299   92.2000
   .260D+01     .0339    6.9461    1.0330   92.3227
   .261D+01     .0339    7.0272    1.0361   92.4427
   .262D+01     .0339    7.1074    1.0391   92.5601
   .262D+01     .0339    7.1867    1.0420   92.6749
   .262D+01     .0339    7.2651    1.0450   92.7873
   .263D+01     .0340    7.3425    1.0479   92.8973
   .264D+01     .0340    7.4191    1.0507   93.0050
   .264D+01     .0340    7.4949    1.0535   93.1105
   .265D+01     .0340    7.5698    1.0563   93.2138
   .265D+01     .0340    7.6438    1.0590   93.3150
   .266D+01     .0340    7.7171    1.0617   93.4141
   .266D+01     .0341    7.7895    1.0643   93.5113
   .267D+01     .0341    7.8611    1.0669   93.6065
   .267D+01     .0341    7.9320    1.0695   93.6998
   .268D+01     .0341    8.0021    1.0720   93.7913
   .268D+01     .0341    8.0714    1.0745   93.8811
   .269D+01     .0341    8.1399    1.0770   93.9691
   .269D+01     .0342    8.2077    1.0794   94.0555
   .269D+01     .0342    8.2748    1.0818   94.1402
   .270D+01     .0342    8.3412    1.0842   94.2233
   .271D+01     .0342    8.4068    1.0866   94.3049
   .271D+01     .0342    8.4718    1.0889   94.3850
   .271D+01     .0343    8.5360    1.0911   94.4636
   .272D+01     .0343    8.5996    1.0934   94.5408
   .273D+01     .0343    8.6625    1.0956   94.6166
   .273D+01     .0343    8.7248    1.0978   94.6910
   .273D+01     .0344    8.7864    1.1000   94.7642
   .274D+01     .0344    8.8474    1.1021   94.8360
   .275D+01     .0344    8.9077    1.1042   94.9066
   .275D+01     .0344    8.9674    1.1063   94.9760
   .275D+01     .0344    9.0265    1.1083   95.0442
   .276D+01     .0345    9.0850    1.1104   95.1112
   .277D+01     .0345    9.1429    1.1124   95.1771
   .277D+01     .0345    9.2001    1.1143   95.2418
   .277D+01     .0345    9.2569    1.1163   95.3055
   .278D+01     .0346    9.3130    1.1182   95.3682
   .279D+01     .0346    9.3686    1.1201   95.4298
   .279D+01     .0346    9.4236    1.1220   95.4904
   .279D+01     .0346    9.4781    1.1239   95.5500
   .280D+01     .0347    9.5320    1.1257   95.6086
   .281D+01     .0347    9.5854    1.1275   95.6663
   .281D+01     .0347    9.6382    1.1293   95.7231
   .281D+01     .0347    9.6906    1.1311   95.7790
   .282D+01     .0348    9.7424    1.1328   95.8340
   .283D+01     .0348    9.7937    1.1345   95.8882
   .283D+01     .0348    9.8445    1.1362   95.9415
   .283D+01     .0348    9.8948    1.1379   95.9940
   .284D+01     .0349    9.9446    1.1396   96.0457
   .285D+01     .0349    9.9940    1.1412   96.0967
   .285D+01     .0349   10.0428    1.1429   96.1468
   .285D+01     .0349   10.0912    1.1445   96.1962
   .286D+01     .0350   10.1392    1.1461   96.2449
   .287D+01     .0350   10.1866    1.1476   96.2928
   .287D+01     .0350   10.2337    1.1492   96.3400
   .288D+01     .0351   10.2802    1.1507   96.3866
   .288D+01     .0351   10.3264    1.1522   96.4324
   .289D+01     .0351   10.3721    1.1537   96.4776
   .289D+01     .0351   10.4173    1.1552   96.5222
   .290D+01     .0352   10.4622    1.1567   96.5661
   .290D+01     .0352   10.5066    1.1581   96.6094
   .291D+01     .0352   10.5506    1.1596   96.6520
   .291D+01     .0353   10.5942    1.1610   96.6941
   .292D+01     .0353   10.6374    1.1624   96.7356
   .292D+01     .0353   10.6802    1.1638   96.7765
   .293D+01     .0353   10.7226    1.1651   96.8168
   .293D+01     .0354   10.7646    1.1665   96.8566
   .294D+01     .0354   10.8062    1.1678   96.8959
   .294D+01     .0354   10.8474    1.1692   96.9346
   .295D+01     .0355   10.8883    1.1705   96.9728
   .295D+01     .0355   10.9288    1.1718   97.0105
   .296D+01     .0355   10.9689    1.1731   97.0476
   .296D+01     .0355   11.0087    1.1743   97.0843
   .296D+01     .0356   11.0481    1.1756   97.1205
   .297D+01     .0356   11.0871    1.1768   97.1562
   .298D+01     .0356   11.1258    1.1780   97.1914
   .298D+01     .0357   11.1642    1.1793   97.2262
   .298D+01     .0357   11.2022    1.1805   97.2606
   .299D+01     .0357   11.2399    1.1817   97.2945
   .300D+01     .0358   11.2772    1.1828   97.3279
   .300D+01     .0358   11.3142    1.1840   97.3609
   .300D+01     .0358   11.3509    1.1852   97.3935
   .301D+01     .0358   11.3873    1.1863   97.4257
   .302D+01     .0359   11.4233    1.1874   97.4575
   .302D+01     .0359   11.4590    1.1885   97.4889
   .302D+01     .0359   11.4944    1.1897   97.5199
   .303D+01     .0360   11.5295    1.1908   97.5505
   .304D+01     .0360   11.5643    1.1918   97.5808
   .304D+01     .0360   11.5988    1.1929   97.6106
   .304D+01     .0361   11.6330    1.1940   97.6401
   .305D+01     .0361   11.6669    1.1950   97.6692
   .306D+01     .0361   11.7005    1.1961   97.6980
   .306D+01     .0362   11.7338    1.1971   97.7265
   .306D+01     .0362   11.7669    1.1981   97.7545
   .307D+01     .0362   11.7996    1.1991   97.7823
   .308D+01     .0363   11.8321    1.2001   97.8097
   .308D+01     .0363   11.8643    1.2011   97.8368
   .308D+01     .0363   11.8962    1.2021   97.8636
   .309D+01     .0364   11.9278    1.2031   97.8900
   .310D+01     .0364   11.9592    1.2040   97.9162
   .310D+01     .0364   11.9903    1.2050   97.9420
   .310D+01     .0365   12.0212    1.2059   97.9676
   .311D+01     .0365   12.0518    1.2068   97.9928
   .312D+01     .0365   12.0821    1.2078   98.0178
   .312D+01     .0365   12.1122    1.2087   98.0424
   .312D+01     .0366   12.1420    1.2096   98.0668
   .313D+01     .0366   12.1716    1.2105   98.0909
   .314D+01     .0366   12.2010    1.2114   98.1148
   .314D+01     .0367   12.2301    1.2123   98.1383
   .315D+01     .0367   12.2589    1.2131   98.1616
   .315D+01     .0367   12.2875    1.2140   98.1847
   .316D+01     .0368   12.3159    1.2148   98.2074
   .316D+01     .0368   12.3440    1.2157   98.2299
   .317D+01     .0368   12.3719    1.2165   98.2522
   .317D+01     .0369   12.3996    1.2174   98.2742
   .318D+01     .0369   12.4271    1.2182   98.2960
   .318D+01     .0369   12.4543    1.2190   98.3176
   .319D+01     .0370   12.4813    1.2198   98.3389
   .319D+01     .0370   12.5081    1.2206   98.3599
   .320D+01     .0370   12.5347    1.2214   98.3808
   .320D+01     .0371   12.5610    1.2222   98.4014
   .321D+01     .0371   12.5872    1.2230   98.4218
   .321D+01     .0371   12.6131    1.2237   98.4420
   .321D+01     .0372   12.6388    1.2245   98.4619
   .322D+01     .0372   12.6643    1.2253   98.4817
   .323D+01     .0372   12.6896    1.2260   98.5012
   .323D+01     .0373   12.7147    1.2267   98.5205
   .323D+01     .0373   12.7396    1.2275   98.5396
   .324D+01     .0373   12.7643    1.2282   98.5586
   .325D+01     .0374   12.7888    1.2289   98.5773
   .325D+01     .0374   12.8131    1.2296   98.5958
   .325D+01     .0375   12.8372    1.2304   98.6141
   .326D+01     .0375   12.8611    1.2311   98.6323
   .327D+01     .0375   12.8849    1.2318   98.6502
   .327D+01     .0376   12.9084    1.2324   98.6680
   .327D+01     .0376   12.9317    1.2331   98.6855
   .328D+01     .0376   12.9549    1.2338   98.7029
   .329D+01     .0377   12.9779    1.2345   98.7202
   .329D+01     .0377   13.0007    1.2351   98.7372
   .329D+01     .0377   13.0233    1.2358   98.7541
   .330D+01     .0378   13.0458    1.2365   98.7708
   .331D+01     .0378   13.0680    1.2371   98.7873
   .331D+01     .0378   13.0901    1.2377   98.8036
   .331D+01     .0379   13.1120    1.2384   98.8198
   .332D+01     .0379   13.1338    1.2390   98.8359
   .333D+01     .0379   13.1554    1.2396   98.8517
   .333D+01     .0380   13.1768    1.2403   98.8674
   .333D+01     .0380   13.1980    1.2409   98.8830
   .334D+01     .0380   13.2191    1.2415   98.8984
   .335D+01     .0381   13.2400    1.2421   98.9136
   .335D+01     .0381   13.2607    1.2427   98.9287
   .335D+01     .0381   13.2813    1.2433   98.9436
   .336D+01     .0382   13.3017    1.2439   98.9584
   .337D+01     .0382   13.3220    1.2444   98.9731
   .337D+01     .0382   13.3421    1.2450   98.9876
   .338D+01     .0383   13.3620    1.2456   99.0019
   .338D+01     .0383   13.3818    1.2462   99.0161
   .339D+01     .0383   13.4015    1.2467   99.0302
   .339D+01     .0384   13.4210    1.2473   99.0442
   .340D+01     .0384   13.4403    1.2478   99.0580
   .340D+01     .0384   13.4595    1.2484   99.0716
   .341D+01     .0385   13.4785    1.2489   99.0852
   .341D+01     .0385   13.4974    1.2495   99.0986
   .342D+01     .0386   13.5162    1.2500   99.1119
   .342D+01     .0386   13.5348    1.2505   99.1250
   .343D+01     .0386   13.5532    1.2510   99.1380
   .343D+01     .0387   13.5716    1.2516   99.1509
   .344D+01     .0387   13.5897    1.2521   99.1637
   .344D+01     .0387   13.6078    1.2526   99.1764
   .345D+01     .0388   13.6257    1.2531   99.1889
   .345D+01     .0388   13.6434    1.2536   99.2013
   .346D+01     .0388   13.6611    1.2541   99.2136
   .346D+01     .0389   13.6786    1.2546   99.2258
   .346D+01     .0389   13.6959    1.2551   99.2379
   .347D+01     .0389   13.7132    1.2556   99.2498
   .348D+01     .0390   13.7302    1.2560   99.2616
   .348D+01     .0390   13.7472    1.2565   99.2734
   .348D+01     .0390   13.7640    1.2570   99.2850
   .349D+01     .0391   13.7807    1.2575   99.2965
   .350D+01     .0391   13.7973    1.2579   99.3079
   .350D+01     .0391   13.8138    1.2584   99.3192
   .350D+01     .0392   13.8301    1.2588   99.3304
   .351D+01     .0392   13.8463    1.2593   99.3414
   .352D+01     .0393   13.8624    1.2597   99.3524
   .352D+01     .0393   13.8783    1.2602   99.3633
   .352D+01     .0393   13.8942    1.2606   99.3741
   .353D+01     .0394   13.9099    1.2611   99.3847
   .354D+01     .0394   13.9255    1.2615   99.3953
   .354D+01     .0394   13.9409    1.2619   99.4058
   .354D+01     .0395   13.9563    1.2624   99.4162
   .355D+01     .0395   13.9715    1.2628   99.4265
   .356D+01     .0395   13.9867    1.2632   99.4367
   .356D+01     .0396   14.0017    1.2636   99.4467
   .356D+01     .0396   14.0166    1.2640   99.4568
   .357D+01     .0396   14.0313    1.2644   99.4667
   .358D+01     .0397   14.0460    1.2648   99.4765
   .358D+01     .0397   14.0606    1.2652   99.4862
   .358D+01     .0397   14.0750    1.2656   99.4959
   .359D+01     .0398   14.0893    1.2660   99.5054
   .360D+01     .0398   14.1036    1.2664   99.5149
   .360D+01     .0399   14.1177    1.2668   99.5243
   .360D+01     .0399   14.1317    1.2672   99.5335
   .361D+01     .0399   14.1456    1.2676   99.5428
   .362D+01     .0400   14.1594    1.2680   99.5519
   .362D+01     .0400   14.1731    1.2683   99.5609
   .362D+01     .0400   14.1867    1.2687   99.5699
   .363D+01     .0401   14.2002    1.2691   99.5788
   .364D+01     .0401   14.2135    1.2695   99.5876
   .364D+01     .0401   14.2268    1.2698   99.5963
   .365D+01     .0402   14.2400    1.2702   99.6049
   .365D+01     .0402   14.2531    1.2705   99.6135
   .366D+01     .0402   14.2661    1.2709   99.6220
   .366D+01     .0403   14.2789    1.2712   99.6304
   .367D+01     .0403   14.2917    1.2716   99.6387
   .367D+01     .0403   14.3044    1.2719   99.6470
   .368D+01     .0404   14.3170    1.2723   99.6551
   .368D+01     .0404   14.3295    1.2726   99.6632
   .369D+01     .0404   14.3419    1.2730   99.6713
   .369D+01     .0405   14.3542    1.2733   99.6792
   .370D+01     .0405   14.3664    1.2736   99.6871
   .370D+01     .0406   14.3785    1.2740   99.6950
   .371D+01     .0406   14.3905    1.2743   99.7027
   .371D+01     .0406   14.4024    1.2746   99.7104
   .372D+01     .0407   14.4143    1.2749   99.7180
   .372D+01     .0407   14.4260    1.2752   99.7255
   .373D+01     .0407   14.4377    1.2756   99.7330
   .373D+01     .0408   14.4492    1.2759   99.7404
   .373D+01     .0408   14.4607    1.2762   99.7478
   .374D+01     .0408   14.4721    1.2765   99.7550
   .375D+01     .0409   14.4834    1.2768   99.7622
   .375D+01     .0409   14.4946    1.2771   99.7694
   .375D+01     .0409   14.5057    1.2774   99.7765
   .376D+01     .0410   14.5168    1.2777   99.7835
   .377D+01     .0410   14.5277    1.2780   99.7904
   .377D+01     .0410   14.5386    1.2783   99.7973
   .377D+01     .0411   14.5494    1.2786   99.8041
   .378D+01     .0411   14.5601    1.2788   99.8109
   .379D+01     .0411   14.5707    1.2791   99.8176
   .379D+01     .0412   14.5812    1.2794   99.8243
   .379D+01     .0412   14.5917    1.2797   99.8308
   .380D+01     .0413   14.6020    1.2800   99.8374
   .381D+01     .0413   14.6123    1.2802   99.8438
   .381D+01     .0413   14.6225    1.2805   99.8502
   .381D+01     .0414   14.6327    1.2808   99.8566
   .382D+01     .0414   14.6427    1.2811   99.8629
   .383D+01     .0414   14.6527    1.2813   99.8691
   .383D+01     .0415   14.6626    1.2816   99.8753
   .383D+01     .0415   14.6724    1.2818   99.8814
   .384D+01     .0415   14.6821    1.2821   99.8875
   .385D+01     .0416   14.6918    1.2824   99.8935
   .385D+01     .0416   14.7014    1.2826   99.8995
   .385D+01     .0416   14.7109    1.2829   99.9054
   .386D+01     .0417   14.7203    1.2831   99.9112
   .387D+01     .0417   14.7297    1.2834   99.9170
   .387D+01     .0417   14.7390    1.2836   99.9228
   .388D+01     .0418   14.7482    1.2839   99.9285
   .388D+01     .0418   14.7573    1.2841   99.9341
   .389D+01     .0418   14.7664    1.2843   99.9397
   .389D+01     .0419   14.7754    1.2846   99.9453
   .390D+01     .0419   14.7843    1.2848   99.9508
   .390D+01     .0419   14.7931    1.2850   99.9562
   .391D+01     .0420   14.8019    1.2853   99.9616
   .391D+01     .0420   14.8106    1.2855   99.9669
   .392D+01     .0420   14.8193    1.2857   99.9722
   .392D+01     .0421   14.8278    1.2860   99.9775
   .393D+01     .0421   14.8363    1.2862   99.9827
   .393D+01     .0421   14.8447    1.2864   99.9878
   .394D+01     .0422   14.8531    1.2866   99.9929
   .394D+01     .0422   14.8614    1.2868   99.9980
   .395D+01     .0423   14.8696    1.2871  100.0030
   .395D+01     .0423   14.8778    1.2873  100.0079
   .396D+01     .0423   14.8859    1.2875  100.0129
   .396D+01     .0424   14.8939    1.2877  100.0177
   .397D+01     .0424   14.9018    1.2879  100.0226
   .397D+01     .0424   14.9097    1.2881  100.0273
   .398D+01     .0425   14.9176    1.2883  100.0321
   .398D+01     .0425   14.9253    1.2885  100.0368
   .398D+01     .0425   14.9330    1.2887  100.0414
   .399D+01     .0426   14.9407    1.2889  100.0460
   .400D+01     .0426   14.9482    1.2891  100.0506
   .400D+01     .0426   14.9557    1.2893  100.0551
   .400D+01     .0427   14.9632    1.2895  100.0596
   .401D+01     .0427   14.9706    1.2897  100.0640
   .401D+01     .0427   14.9779    1.2899  100.0684
   .402D+01     .0428   14.9851    1.2901  100.0728
   .403D+01     .0428   14.9923    1.2903  100.0771
   .403D+01     .0428   14.9995    1.2904  100.0814
   .404D+01     .0429   15.0065    1.2906  100.0856
   .404D+01     .0429   15.0136    1.2908  100.0898
   .404D+01     .0429   15.0205    1.2910  100.0939
   .405D+01     .0430   15.0274    1.2912  100.0981
   .405D+01     .0430   15.0342    1.2914  100.1021
   .406D+01     .0430   15.0410    1.2915  100.1062
   .407D+01     .0431   15.0477    1.2917  100.1102
   .407D+01     .0431   15.0544    1.2919  100.1141
   .408D+01     .0431   15.0610    1.2920  100.1180
   .408D+01     .0432   15.0675    1.2922  100.1219
   .408D+01     .0432   15.0740    1.2924  100.1258
   .409D+01     .0432   15.0805    1.2925  100.1296
   .409D+01     .0433   15.0868    1.2927  100.1333
   .410D+01     .0433   15.0932    1.2929  100.1371
   .411D+01     .0433   15.0994    1.2930  100.1408
   .411D+01     .0434   15.1056    1.2932  100.1444
   .412D+01     .0434   15.1118    1.2933  100.1481
   .412D+01     .0434   15.1179    1.2935  100.1517
   .412D+01     .0435   15.1239    1.2937  100.1552
   .413D+01     .0435   15.1299    1.2938  100.1587
   .413D+01     .0435   15.1358    1.2940  100.1622
   .414D+01     .0436   15.1417    1.2941  100.1657
   .415D+01     .0436   15.1476    1.2943  100.1691
   .415D+01     .0436   15.1533    1.2944  100.1725
   .416D+01     .0437   15.1591    1.2946  100.1758
   .416D+01     .0437   15.1647    1.2947  100.1791
   .417D+01     .0437   15.1703    1.2948  100.1824
   .417D+01     .0437   15.1759    1.2950  100.1857
   .417D+01     .0438   15.1814    1.2951  100.1889
   .418D+01     .0438   15.1869    1.2953  100.1920
   .419D+01     .0438   15.1923    1.2954  100.1952
   .419D+01     .0439   15.1977    1.2955  100.1983
   .420D+01     .0439   15.2030    1.2957  100.2014
   .420D+01     .0439   15.2082    1.2958  100.2045
   .421D+01     .0440   15.2135    1.2959  100.2075
   .421D+01     .0440   15.2186    1.2961  100.2105
   .421D+01     .0440   15.2237    1.2962  100.2134
   .422D+01     .0441   15.2288    1.2963  100.2164
   .423D+01     .0441   15.2338    1.2965  100.2193
   .423D+01     .0441   15.2388    1.2966  100.2221
   .424D+01     .0442   15.2437    1.2967  100.2250
   .424D+01     .0442   15.2486    1.2968  100.2278
   .425D+01     .0442   15.2534    1.2970  100.2306
   .425D+01     .0443   15.2582    1.2971  100.2333
   .425D+01     .0443   15.2629    1.2972  100.2360
   .426D+01     .0443   15.2676    1.2973  100.2387
   .426D+01     .0444   15.2722    1.2974  100.2414
   .427D+01     .0444   15.2768    1.2976  100.2440
   .428D+01     .0444   15.2814    1.2977  100.2466
   .428D+01     .0444   15.2859    1.2978  100.2492
   .429D+01     .0445   15.2903    1.2979  100.2518
   .429D+01     .0445   15.2947    1.2980  100.2543
   .429D+01     .0445   15.2991    1.2981  100.2568
   .430D+01     .0446   15.3034    1.2982  100.2592
   .430D+01     .0446   15.3077    1.2983  100.2617
   .431D+01     .0446   15.3119    1.2984  100.2641
   .432D+01     .0447   15.3161    1.2985  100.2665
   .432D+01     .0447   15.3203    1.2986  100.2688
   .433D+01     .0447   15.3244    1.2987  100.2712
   .433D+01     .0448   15.3284    1.2988  100.2735
   .433D+01     .0448   15.3325    1.2989  100.2757
   .434D+01     .0448   15.3364    1.2990  100.2780
   .434D+01     .0448   15.3404    1.2991  100.2802
   .435D+01     .0449   15.3442    1.2992  100.2824
   .436D+01     .0449   15.3481    1.2993  100.2846
   .436D+01     .0449   15.3519    1.2994  100.2868
   .437D+01     .0450   15.3557    1.2995  100.2889
   .437D+01     .0450   15.3594    1.2996  100.2910
   .438D+01     .0450   15.3631    1.2997  100.2931
   .438D+01     .0451   15.3667    1.2998  100.2951
   .438D+01     .0451   15.3703    1.2999  100.2971
   .439D+01     .0451   15.3739    1.3000  100.2991
   .440D+01     .0451   15.3774    1.3001  100.3011
   .440D+01     .0452   15.3809    1.3002  100.3031
   .441D+01     .0452   15.3843    1.3002  100.3050
   .441D+01     .0452   15.3877    1.3003  100.3069
   .442D+01     .0453   15.3911    1.3004  100.3088
   .442D+01     .0453   15.3944    1.3005  100.3107
   .442D+01     .0453   15.3977    1.3006  100.3125
   .443D+01     .0454   15.4009    1.3006  100.3143
   .444D+01     .0454   15.4042    1.3007  100.3161
   .444D+01     .0454   15.4073    1.3008  100.3179
   .445D+01     .0454   15.4105    1.3009  100.3196
   .445D+01     .0455   15.4136    1.3010  100.3213
   .446D+01     .0455   15.4166    1.3010  100.3230
   .446D+01     .0455   15.4196    1.3011  100.3247
   .446D+01     .0456   15.4226    1.3012  100.3264
   .447D+01     .0456   15.4256    1.3013  100.3280
   .448D+01     .0456   15.4285    1.3013  100.3296
   .448D+01     .0456   15.4314    1.3014  100.3312
   .449D+01     .0457   15.4342    1.3015  100.3328
   .449D+01     .0457   15.4370    1.3015  100.3344
   .450D+01     .0457   15.4398    1.3016  100.3359
   .450D+01     .0458   15.4425    1.3017  100.3374
   .450D+01     .0458   15.4452    1.3017  100.3389
   .451D+01     .0458   15.4479    1.3018  100.3404
   .451D+01     .0458   15.4505    1.3019  100.3418
   .452D+01     .0459   15.4531    1.3019  100.3432
   .453D+01     .0459   15.4557    1.3020  100.3446
   .453D+01     .0459   15.4582    1.3021  100.3460
   .454D+01     .0459   15.4607    1.3021  100.3474
   .454D+01     .0460   15.4631    1.3022  100.3488
   .454D+01     .0460   15.4656    1.3022  100.3501
   .455D+01     .0460   15.4680    1.3023  100.3514
   .455D+01     .0461   15.4703    1.3023  100.3527
   .456D+01     .0461   15.4726    1.3024  100.3540
   .457D+01     .0461   15.4749    1.3025  100.3552
   .457D+01     .0461   15.4772    1.3025  100.3565
   .458D+01     .0462   15.4794    1.3026  100.3577
   .458D+01     .0462   15.4816    1.3026  100.3589
   .458D+01     .0462   15.4838    1.3027  100.3601
   .459D+01     .0462   15.4859    1.3027  100.3612
   .459D+01     .0463   15.4880    1.3028  100.3624
   .460D+01     .0463   15.4901    1.3028  100.3635
   .461D+01     .0463   15.4921    1.3029  100.3646
   .461D+01     .0463   15.4942    1.3029  100.3657
   .462D+01     .0464   15.4961    1.3030  100.3668
   .462D+01     .0464   15.4981    1.3030  100.3678
   .462D+01     .0464   15.5000    1.3031  100.3689
   .463D+01     .0465   15.5019    1.3031  100.3699
   .463D+01     .0465   15.5038    1.3032  100.3709
   .464D+01     .0465   15.5056    1.3032  100.3719
   .465D+01     .0465   15.5074    1.3032  100.3729
   .465D+01     .0466   15.5092    1.3033  100.3738
   .466D+01     .0466   15.5109    1.3033  100.3748
   .466D+01     .0466   15.5126    1.3034  100.3757
   .467D+01     .0466   15.5143    1.3034  100.3766
   .467D+01     .0467   15.5160    1.3035  100.3775
   .467D+01     .0467   15.5176    1.3035  100.3784
   .468D+01     .0467   15.5192    1.3035  100.3792
   .469D+01     .0467   15.5208    1.3036  100.3801
   .469D+01     .0468   15.5224    1.3036  100.3809
   .470D+01     .0468   15.5239    1.3036  100.3817
   .470D+01     .0468   15.5254    1.3037  100.3825
   .471D+01     .0468   15.5268    1.3037  100.3833
   .471D+01     .0468   15.5283    1.3037  100.3841
   .471D+01     .0469   15.5297    1.3038  100.3848
   .472D+01     .0469   15.5311    1.3038  100.3856
   .473D+01     .0469   15.5325    1.3038  100.3863
   .473D+01     .0469   15.5338    1.3039  100.3870
   .474D+01     .0470   15.5351    1.3039  100.3877
   .474D+01     .0470   15.5364    1.3039  100.3884
   .475D+01     .0470   15.5377    1.3040  100.3891
   .475D+01     .0470   15.5389    1.3040  100.3897
   .475D+01     .0471   15.5401    1.3040  100.3904
   .476D+01     .0471   15.5413    1.3041  100.3910
   .476D+01     .0471   15.5425    1.3041  100.3916
   .477D+01     .0471   15.5436    1.3041  100.3922
   .478D+01     .0471   15.5447    1.3041  100.3928
   .478D+01     .0472   15.5458    1.3042  100.3934
   .479D+01     .0472   15.5469    1.3042  100.3940
   .479D+01     .0472   15.5479    1.3042  100.3945
   .479D+01     .0472   15.5490    1.3042  100.3950
   .480D+01     .0473   15.5500    1.3043  100.3956
   .480D+01     .0473   15.5510    1.3043  100.3961
   .481D+01     .0473   15.5519    1.3043  100.3966
   .482D+01     .0473   15.5528    1.3043  100.3971
   .482D+01     .0473   15.5538    1.3043  100.3976
   .483D+01     .0474   15.5547    1.3044  100.3980
   .483D+01     .0474   15.5555    1.3044  100.3985
   .483D+01     .0474   15.5564    1.3044  100.3989
   .484D+01     .0474   15.5572    1.3044  100.3994
   .484D+01     .0474   15.5580    1.3044  100.3998
   .485D+01     .0475   15.5588    1.3045  100.4002
   .486D+01     .0475   15.5596    1.3045  100.4006
   .486D+01     .0475   15.5603    1.3045  100.4010
   .487D+01     .0475   15.5610    1.3045  100.4014
   .487D+01     .0475   15.5618    1.3045  100.4017
   .488D+01     .0476   15.5624    1.3045  100.4021
   .488D+01     .0476   15.5631    1.3046  100.4024
   .488D+01     .0476   15.5638    1.3046  100.4028
   .489D+01     .0476   15.5644    1.3046  100.4031
   .490D+01     .0476   15.5650    1.3046  100.4034
   .490D+01     .0476   15.5656    1.3046  100.4037
   .491D+01     .0477   15.5662    1.3046  100.4040
   .491D+01     .0477   15.5668    1.3046  100.4043
   .492D+01     .0477   15.5673    1.3047  100.4046
   .492D+01     .0477   15.5678    1.3047  100.4049
   .492D+01     .0477   15.5683    1.3047  100.4051
   .493D+01     .0478   15.5688    1.3047  100.4054
   .494D+01     .0478   15.5693    1.3047  100.4056
   .494D+01     .0478   15.5698    1.3047  100.4059
   .495D+01     .0478   15.5702    1.3047  100.4061
   .495D+01     .0478   15.5706    1.3047  100.4063
   .496D+01     .0478   15.5710    1.3047  100.4065
   .496D+01     .0479   15.5714    1.3048  100.4067
   .496D+01     .0479   15.5718    1.3048  100.4069
   .497D+01     .0479   15.5722    1.3048  100.4071
   .498D+01     .0479   15.5726    1.3048  100.4073
   .498D+01     .0479   15.5729    1.3048  100.4074
   .499D+01     .0479   15.5732    1.3048  100.4076
   .499D+01     .0479   15.5735    1.3048  100.4078
   .500D+01     .0480   15.5738    1.3048  100.4079
   .500D+01     .0480   15.5741    1.3048  100.4081
   .500D+01     .0480   15.5744    1.3048  100.4082
   .501D+01     .0480   15.5746    1.3048  100.4083
   .501D+01     .0480   15.5749    1.3048  100.4085
   .502D+01     .0480   15.5751    1.3048  100.4086
   .503D+01     .0480   15.5753    1.3048  100.4087
   .503D+01     .0481   15.5756    1.3048  100.4088
   .504D+01     .0481   15.5758    1.3049  100.4089
   .504D+01     .0481   15.5759    1.3049  100.4090
   .504D+01     .0481   15.5761    1.3049  100.4091
   .505D+01     .0481   15.5763    1.3049  100.4092
   .505D+01     .0481   15.5765    1.3049  100.4092
   .506D+01     .0481   15.5766    1.3049  100.4093
   .507D+01     .0481   15.5767    1.3049  100.4094
   .507D+01     .0481   15.5769    1.3049  100.4094
   .508D+01     .0482   15.5770    1.3049  100.4095
   .508D+01     .0482   15.5771    1.3049  100.4096
   .508D+01     .0482   15.5772    1.3049  100.4096
   .509D+01     .0482   15.5773    1.3049  100.4097
   .509D+01     .0482   15.5774    1.3049  100.4097
   .510D+01     .0482   15.5775    1.3049  100.4097
